receiver: -0.075, -0.075, 0.015
receiver: -0.075, -0.072, 0.015
receiver: -0.075, -0.069, 0.015
receiver: -0.075, -0.066, 0.015
receiver: -0.075, -0.063, 0.015
receiver: -0.075, -0.06, 0.015
receiver: -0.075, -0.057, 0.015
receiver: -0.075, -0.054, 0.015
receiver: -0.075, -0.051, 0.015
receiver: -0.075, -0.048, 0.015
receiver: -0.075, -0.045, 0.015
receiver: -0.075, -0.042, 0.015
receiver: -0.075, -0.039, 0.015
receiver: -0.075, -0.036, 0.015
receiver: -0.075, -0.033, 0.015
receiver: -0.075, -0.03, 0.015
receiver: -0.075, -0.027, 0.015
receiver: -0.075, -0.024, 0.015
receiver: -0.075, -0.021, 0.015
receiver: -0.075, -0.018, 0.015
receiver: -0.075, -0.015, 0.015
receiver: -0.075, -0.012, 0.015
receiver: -0.075, -0.009, 0.015
receiver: -0.075, -0.006, 0.015
receiver: -0.075, -0.003, 0.015
receiver: -0.075, 0, 0.015
receiver: -0.075, 0.003, 0.015
receiver: -0.075, 0.006, 0.015
receiver: -0.075, 0.009, 0.015
receiver: -0.075, 0.012, 0.015
receiver: -0.075, 0.015, 0.015
receiver: -0.075, 0.018, 0.015
receiver: -0.075, 0.021, 0.015
receiver: -0.075, 0.024, 0.015
receiver: -0.075, 0.027, 0.015
receiver: -0.075, 0.03, 0.015
receiver: -0.075, 0.033, 0.015
receiver: -0.075, 0.036, 0.015
receiver: -0.075, 0.039, 0.015
receiver: -0.075, 0.042, 0.015
receiver: -0.075, 0.045, 0.015
receiver: -0.075, 0.048, 0.015
receiver: -0.075, 0.051, 0.015
receiver: -0.075, 0.054, 0.015
receiver: -0.075, 0.057, 0.015
receiver: -0.075, 0.06, 0.015
receiver: -0.075, 0.063, 0.015
receiver: -0.075, 0.066, 0.015
receiver: -0.075, 0.069, 0.015
receiver: -0.075, 0.072, 0.015
receiver: -0.075, 0.075, 0.015
receiver: -0.072, -0.075, 0.015
receiver: -0.072, -0.072, 0.015
receiver: -0.072, -0.069, 0.015
receiver: -0.072, -0.066, 0.015
receiver: -0.072, -0.063, 0.015
receiver: -0.072, -0.06, 0.015
receiver: -0.072, -0.057, 0.015
receiver: -0.072, -0.054, 0.015
receiver: -0.072, -0.051, 0.015
receiver: -0.072, -0.048, 0.015
receiver: -0.072, -0.045, 0.015
receiver: -0.072, -0.042, 0.015
receiver: -0.072, -0.039, 0.015
receiver: -0.072, -0.036, 0.015
receiver: -0.072, -0.033, 0.015
receiver: -0.072, -0.03, 0.015
receiver: -0.072, -0.027, 0.015
receiver: -0.072, -0.024, 0.015
receiver: -0.072, -0.021, 0.015
receiver: -0.072, -0.018, 0.015
receiver: -0.072, -0.015, 0.015
receiver: -0.072, -0.012, 0.015
receiver: -0.072, -0.009, 0.015
receiver: -0.072, -0.006, 0.015
receiver: -0.072, -0.003, 0.015
receiver: -0.072, 0, 0.015
receiver: -0.072, 0.003, 0.015
receiver: -0.072, 0.006, 0.015
receiver: -0.072, 0.009, 0.015
receiver: -0.072, 0.012, 0.015
receiver: -0.072, 0.015, 0.015
receiver: -0.072, 0.018, 0.015
receiver: -0.072, 0.021, 0.015
receiver: -0.072, 0.024, 0.015
receiver: -0.072, 0.027, 0.015
receiver: -0.072, 0.03, 0.015
receiver: -0.072, 0.033, 0.015
receiver: -0.072, 0.036, 0.015
receiver: -0.072, 0.039, 0.015
receiver: -0.072, 0.042, 0.015
receiver: -0.072, 0.045, 0.015
receiver: -0.072, 0.048, 0.015
receiver: -0.072, 0.051, 0.015
receiver: -0.072, 0.054, 0.015
receiver: -0.072, 0.057, 0.015
receiver: -0.072, 0.06, 0.015
receiver: -0.072, 0.063, 0.015
receiver: -0.072, 0.066, 0.015
receiver: -0.072, 0.069, 0.015
receiver: -0.072, 0.072, 0.015
receiver: -0.072, 0.075, 0.015
receiver: -0.069, -0.075, 0.015
receiver: -0.069, -0.072, 0.015
receiver: -0.069, -0.069, 0.015
receiver: -0.069, -0.066, 0.015
receiver: -0.069, -0.063, 0.015
receiver: -0.069, -0.06, 0.015
receiver: -0.069, -0.057, 0.015
receiver: -0.069, -0.054, 0.015
receiver: -0.069, -0.051, 0.015
receiver: -0.069, -0.048, 0.015
receiver: -0.069, -0.045, 0.015
receiver: -0.069, -0.042, 0.015
receiver: -0.069, -0.039, 0.015
receiver: -0.069, -0.036, 0.015
receiver: -0.069, -0.033, 0.015
receiver: -0.069, -0.03, 0.015
receiver: -0.069, -0.027, 0.015
receiver: -0.069, -0.024, 0.015
receiver: -0.069, -0.021, 0.015
receiver: -0.069, -0.018, 0.015
receiver: -0.069, -0.015, 0.015
receiver: -0.069, -0.012, 0.015
receiver: -0.069, -0.009, 0.015
receiver: -0.069, -0.006, 0.015
receiver: -0.069, -0.003, 0.015
receiver: -0.069, 0, 0.015
receiver: -0.069, 0.003, 0.015
receiver: -0.069, 0.006, 0.015
receiver: -0.069, 0.009, 0.015
receiver: -0.069, 0.012, 0.015
receiver: -0.069, 0.015, 0.015
receiver: -0.069, 0.018, 0.015
receiver: -0.069, 0.021, 0.015
receiver: -0.069, 0.024, 0.015
receiver: -0.069, 0.027, 0.015
receiver: -0.069, 0.03, 0.015
receiver: -0.069, 0.033, 0.015
receiver: -0.069, 0.036, 0.015
receiver: -0.069, 0.039, 0.015
receiver: -0.069, 0.042, 0.015
receiver: -0.069, 0.045, 0.015
receiver: -0.069, 0.048, 0.015
receiver: -0.069, 0.051, 0.015
receiver: -0.069, 0.054, 0.015
receiver: -0.069, 0.057, 0.015
receiver: -0.069, 0.06, 0.015
receiver: -0.069, 0.063, 0.015
receiver: -0.069, 0.066, 0.015
receiver: -0.069, 0.069, 0.015
receiver: -0.069, 0.072, 0.015
receiver: -0.069, 0.075, 0.015
receiver: -0.066, -0.075, 0.015
receiver: -0.066, -0.072, 0.015
receiver: -0.066, -0.069, 0.015
receiver: -0.066, -0.066, 0.015
receiver: -0.066, -0.063, 0.015
receiver: -0.066, -0.06, 0.015
receiver: -0.066, -0.057, 0.015
receiver: -0.066, -0.054, 0.015
receiver: -0.066, -0.051, 0.015
receiver: -0.066, -0.048, 0.015
receiver: -0.066, -0.045, 0.015
receiver: -0.066, -0.042, 0.015
receiver: -0.066, -0.039, 0.015
receiver: -0.066, -0.036, 0.015
receiver: -0.066, -0.033, 0.015
receiver: -0.066, -0.03, 0.015
receiver: -0.066, -0.027, 0.015
receiver: -0.066, -0.024, 0.015
receiver: -0.066, -0.021, 0.015
receiver: -0.066, -0.018, 0.015
receiver: -0.066, -0.015, 0.015
receiver: -0.066, -0.012, 0.015
receiver: -0.066, -0.009, 0.015
receiver: -0.066, -0.006, 0.015
receiver: -0.066, -0.003, 0.015
receiver: -0.066, 0, 0.015
receiver: -0.066, 0.003, 0.015
receiver: -0.066, 0.006, 0.015
receiver: -0.066, 0.009, 0.015
receiver: -0.066, 0.012, 0.015
receiver: -0.066, 0.015, 0.015
receiver: -0.066, 0.018, 0.015
receiver: -0.066, 0.021, 0.015
receiver: -0.066, 0.024, 0.015
receiver: -0.066, 0.027, 0.015
receiver: -0.066, 0.03, 0.015
receiver: -0.066, 0.033, 0.015
receiver: -0.066, 0.036, 0.015
receiver: -0.066, 0.039, 0.015
receiver: -0.066, 0.042, 0.015
receiver: -0.066, 0.045, 0.015
receiver: -0.066, 0.048, 0.015
receiver: -0.066, 0.051, 0.015
receiver: -0.066, 0.054, 0.015
receiver: -0.066, 0.057, 0.015
receiver: -0.066, 0.06, 0.015
receiver: -0.066, 0.063, 0.015
receiver: -0.066, 0.066, 0.015
receiver: -0.066, 0.069, 0.015
receiver: -0.066, 0.072, 0.015
receiver: -0.066, 0.075, 0.015
receiver: -0.063, -0.075, 0.015
receiver: -0.063, -0.072, 0.015
receiver: -0.063, -0.069, 0.015
receiver: -0.063, -0.066, 0.015
receiver: -0.063, -0.063, 0.015
receiver: -0.063, -0.06, 0.015
receiver: -0.063, -0.057, 0.015
receiver: -0.063, -0.054, 0.015
receiver: -0.063, -0.051, 0.015
receiver: -0.063, -0.048, 0.015
receiver: -0.063, -0.045, 0.015
receiver: -0.063, -0.042, 0.015
receiver: -0.063, -0.039, 0.015
receiver: -0.063, -0.036, 0.015
receiver: -0.063, -0.033, 0.015
receiver: -0.063, -0.03, 0.015
receiver: -0.063, -0.027, 0.015
receiver: -0.063, -0.024, 0.015
receiver: -0.063, -0.021, 0.015
receiver: -0.063, -0.018, 0.015
receiver: -0.063, -0.015, 0.015
receiver: -0.063, -0.012, 0.015
receiver: -0.063, -0.009, 0.015
receiver: -0.063, -0.006, 0.015
receiver: -0.063, -0.003, 0.015
receiver: -0.063, 0, 0.015
receiver: -0.063, 0.003, 0.015
receiver: -0.063, 0.006, 0.015
receiver: -0.063, 0.009, 0.015
receiver: -0.063, 0.012, 0.015
receiver: -0.063, 0.015, 0.015
receiver: -0.063, 0.018, 0.015
receiver: -0.063, 0.021, 0.015
receiver: -0.063, 0.024, 0.015
receiver: -0.063, 0.027, 0.015
receiver: -0.063, 0.03, 0.015
receiver: -0.063, 0.033, 0.015
receiver: -0.063, 0.036, 0.015
receiver: -0.063, 0.039, 0.015
receiver: -0.063, 0.042, 0.015
receiver: -0.063, 0.045, 0.015
receiver: -0.063, 0.048, 0.015
receiver: -0.063, 0.051, 0.015
receiver: -0.063, 0.054, 0.015
receiver: -0.063, 0.057, 0.015
receiver: -0.063, 0.06, 0.015
receiver: -0.063, 0.063, 0.015
receiver: -0.063, 0.066, 0.015
receiver: -0.063, 0.069, 0.015
receiver: -0.063, 0.072, 0.015
receiver: -0.063, 0.075, 0.015
receiver: -0.06, -0.075, 0.015
receiver: -0.06, -0.072, 0.015
receiver: -0.06, -0.069, 0.015
receiver: -0.06, -0.066, 0.015
receiver: -0.06, -0.063, 0.015
receiver: -0.06, -0.06, 0.015
receiver: -0.06, -0.057, 0.015
receiver: -0.06, -0.054, 0.015
receiver: -0.06, -0.051, 0.015
receiver: -0.06, -0.048, 0.015
receiver: -0.06, -0.045, 0.015
receiver: -0.06, -0.042, 0.015
receiver: -0.06, -0.039, 0.015
receiver: -0.06, -0.036, 0.015
receiver: -0.06, -0.033, 0.015
receiver: -0.06, -0.03, 0.015
receiver: -0.06, -0.027, 0.015
receiver: -0.06, -0.024, 0.015
receiver: -0.06, -0.021, 0.015
receiver: -0.06, -0.018, 0.015
receiver: -0.06, -0.015, 0.015
receiver: -0.06, -0.012, 0.015
receiver: -0.06, -0.009, 0.015
receiver: -0.06, -0.006, 0.015
receiver: -0.06, -0.003, 0.015
receiver: -0.06, 0, 0.015
receiver: -0.06, 0.003, 0.015
receiver: -0.06, 0.006, 0.015
receiver: -0.06, 0.009, 0.015
receiver: -0.06, 0.012, 0.015
receiver: -0.06, 0.015, 0.015
receiver: -0.06, 0.018, 0.015
receiver: -0.06, 0.021, 0.015
receiver: -0.06, 0.024, 0.015
receiver: -0.06, 0.027, 0.015
receiver: -0.06, 0.03, 0.015
receiver: -0.06, 0.033, 0.015
receiver: -0.06, 0.036, 0.015
receiver: -0.06, 0.039, 0.015
receiver: -0.06, 0.042, 0.015
receiver: -0.06, 0.045, 0.015
receiver: -0.06, 0.048, 0.015
receiver: -0.06, 0.051, 0.015
receiver: -0.06, 0.054, 0.015
receiver: -0.06, 0.057, 0.015
receiver: -0.06, 0.06, 0.015
receiver: -0.06, 0.063, 0.015
receiver: -0.06, 0.066, 0.015
receiver: -0.06, 0.069, 0.015
receiver: -0.06, 0.072, 0.015
receiver: -0.06, 0.075, 0.015
receiver: -0.057, -0.075, 0.015
receiver: -0.057, -0.072, 0.015
receiver: -0.057, -0.069, 0.015
receiver: -0.057, -0.066, 0.015
receiver: -0.057, -0.063, 0.015
receiver: -0.057, -0.06, 0.015
receiver: -0.057, -0.057, 0.015
receiver: -0.057, -0.054, 0.015
receiver: -0.057, -0.051, 0.015
receiver: -0.057, -0.048, 0.015
receiver: -0.057, -0.045, 0.015
receiver: -0.057, -0.042, 0.015
receiver: -0.057, -0.039, 0.015
receiver: -0.057, -0.036, 0.015
receiver: -0.057, -0.033, 0.015
receiver: -0.057, -0.03, 0.015
receiver: -0.057, -0.027, 0.015
receiver: -0.057, -0.024, 0.015
receiver: -0.057, -0.021, 0.015
receiver: -0.057, -0.018, 0.015
receiver: -0.057, -0.015, 0.015
receiver: -0.057, -0.012, 0.015
receiver: -0.057, -0.009, 0.015
receiver: -0.057, -0.006, 0.015
receiver: -0.057, -0.003, 0.015
receiver: -0.057, 0, 0.015
receiver: -0.057, 0.003, 0.015
receiver: -0.057, 0.006, 0.015
receiver: -0.057, 0.009, 0.015
receiver: -0.057, 0.012, 0.015
receiver: -0.057, 0.015, 0.015
receiver: -0.057, 0.018, 0.015
receiver: -0.057, 0.021, 0.015
receiver: -0.057, 0.024, 0.015
receiver: -0.057, 0.027, 0.015
receiver: -0.057, 0.03, 0.015
receiver: -0.057, 0.033, 0.015
receiver: -0.057, 0.036, 0.015
receiver: -0.057, 0.039, 0.015
receiver: -0.057, 0.042, 0.015
receiver: -0.057, 0.045, 0.015
receiver: -0.057, 0.048, 0.015
receiver: -0.057, 0.051, 0.015
receiver: -0.057, 0.054, 0.015
receiver: -0.057, 0.057, 0.015
receiver: -0.057, 0.06, 0.015
receiver: -0.057, 0.063, 0.015
receiver: -0.057, 0.066, 0.015
receiver: -0.057, 0.069, 0.015
receiver: -0.057, 0.072, 0.015
receiver: -0.057, 0.075, 0.015
receiver: -0.054, -0.075, 0.015
receiver: -0.054, -0.072, 0.015
receiver: -0.054, -0.069, 0.015
receiver: -0.054, -0.066, 0.015
receiver: -0.054, -0.063, 0.015
receiver: -0.054, -0.06, 0.015
receiver: -0.054, -0.057, 0.015
receiver: -0.054, -0.054, 0.015
receiver: -0.054, -0.051, 0.015
receiver: -0.054, -0.048, 0.015
receiver: -0.054, -0.045, 0.015
receiver: -0.054, -0.042, 0.015
receiver: -0.054, -0.039, 0.015
receiver: -0.054, -0.036, 0.015
receiver: -0.054, -0.033, 0.015
receiver: -0.054, -0.03, 0.015
receiver: -0.054, -0.027, 0.015
receiver: -0.054, -0.024, 0.015
receiver: -0.054, -0.021, 0.015
receiver: -0.054, -0.018, 0.015
receiver: -0.054, -0.015, 0.015
receiver: -0.054, -0.012, 0.015
receiver: -0.054, -0.009, 0.015
receiver: -0.054, -0.006, 0.015
receiver: -0.054, -0.003, 0.015
receiver: -0.054, 0, 0.015
receiver: -0.054, 0.003, 0.015
receiver: -0.054, 0.006, 0.015
receiver: -0.054, 0.009, 0.015
receiver: -0.054, 0.012, 0.015
receiver: -0.054, 0.015, 0.015
receiver: -0.054, 0.018, 0.015
receiver: -0.054, 0.021, 0.015
receiver: -0.054, 0.024, 0.015
receiver: -0.054, 0.027, 0.015
receiver: -0.054, 0.03, 0.015
receiver: -0.054, 0.033, 0.015
receiver: -0.054, 0.036, 0.015
receiver: -0.054, 0.039, 0.015
receiver: -0.054, 0.042, 0.015
receiver: -0.054, 0.045, 0.015
receiver: -0.054, 0.048, 0.015
receiver: -0.054, 0.051, 0.015
receiver: -0.054, 0.054, 0.015
receiver: -0.054, 0.057, 0.015
receiver: -0.054, 0.06, 0.015
receiver: -0.054, 0.063, 0.015
receiver: -0.054, 0.066, 0.015
receiver: -0.054, 0.069, 0.015
receiver: -0.054, 0.072, 0.015
receiver: -0.054, 0.075, 0.015
receiver: -0.051, -0.075, 0.015
receiver: -0.051, -0.072, 0.015
receiver: -0.051, -0.069, 0.015
receiver: -0.051, -0.066, 0.015
receiver: -0.051, -0.063, 0.015
receiver: -0.051, -0.06, 0.015
receiver: -0.051, -0.057, 0.015
receiver: -0.051, -0.054, 0.015
receiver: -0.051, -0.051, 0.015
receiver: -0.051, -0.048, 0.015
receiver: -0.051, -0.045, 0.015
receiver: -0.051, -0.042, 0.015
receiver: -0.051, -0.039, 0.015
receiver: -0.051, -0.036, 0.015
receiver: -0.051, -0.033, 0.015
receiver: -0.051, -0.03, 0.015
receiver: -0.051, -0.027, 0.015
receiver: -0.051, -0.024, 0.015
receiver: -0.051, -0.021, 0.015
receiver: -0.051, -0.018, 0.015
receiver: -0.051, -0.015, 0.015
receiver: -0.051, -0.012, 0.015
receiver: -0.051, -0.009, 0.015
receiver: -0.051, -0.006, 0.015
receiver: -0.051, -0.003, 0.015
receiver: -0.051, 0, 0.015
receiver: -0.051, 0.003, 0.015
receiver: -0.051, 0.006, 0.015
receiver: -0.051, 0.009, 0.015
receiver: -0.051, 0.012, 0.015
receiver: -0.051, 0.015, 0.015
receiver: -0.051, 0.018, 0.015
receiver: -0.051, 0.021, 0.015
receiver: -0.051, 0.024, 0.015
receiver: -0.051, 0.027, 0.015
receiver: -0.051, 0.03, 0.015
receiver: -0.051, 0.033, 0.015
receiver: -0.051, 0.036, 0.015
receiver: -0.051, 0.039, 0.015
receiver: -0.051, 0.042, 0.015
receiver: -0.051, 0.045, 0.015
receiver: -0.051, 0.048, 0.015
receiver: -0.051, 0.051, 0.015
receiver: -0.051, 0.054, 0.015
receiver: -0.051, 0.057, 0.015
receiver: -0.051, 0.06, 0.015
receiver: -0.051, 0.063, 0.015
receiver: -0.051, 0.066, 0.015
receiver: -0.051, 0.069, 0.015
receiver: -0.051, 0.072, 0.015
receiver: -0.051, 0.075, 0.015
receiver: -0.048, -0.075, 0.015
receiver: -0.048, -0.072, 0.015
receiver: -0.048, -0.069, 0.015
receiver: -0.048, -0.066, 0.015
receiver: -0.048, -0.063, 0.015
receiver: -0.048, -0.06, 0.015
receiver: -0.048, -0.057, 0.015
receiver: -0.048, -0.054, 0.015
receiver: -0.048, -0.051, 0.015
receiver: -0.048, -0.048, 0.015
receiver: -0.048, -0.045, 0.015
receiver: -0.048, -0.042, 0.015
receiver: -0.048, -0.039, 0.015
receiver: -0.048, -0.036, 0.015
receiver: -0.048, -0.033, 0.015
receiver: -0.048, -0.03, 0.015
receiver: -0.048, -0.027, 0.015
receiver: -0.048, -0.024, 0.015
receiver: -0.048, -0.021, 0.015
receiver: -0.048, -0.018, 0.015
receiver: -0.048, -0.015, 0.015
receiver: -0.048, -0.012, 0.015
receiver: -0.048, -0.009, 0.015
receiver: -0.048, -0.006, 0.015
receiver: -0.048, -0.003, 0.015
receiver: -0.048, 0, 0.015
receiver: -0.048, 0.003, 0.015
receiver: -0.048, 0.006, 0.015
receiver: -0.048, 0.009, 0.015
receiver: -0.048, 0.012, 0.015
receiver: -0.048, 0.015, 0.015
receiver: -0.048, 0.018, 0.015
receiver: -0.048, 0.021, 0.015
receiver: -0.048, 0.024, 0.015
receiver: -0.048, 0.027, 0.015
receiver: -0.048, 0.03, 0.015
receiver: -0.048, 0.033, 0.015
receiver: -0.048, 0.036, 0.015
receiver: -0.048, 0.039, 0.015
receiver: -0.048, 0.042, 0.015
receiver: -0.048, 0.045, 0.015
receiver: -0.048, 0.048, 0.015
receiver: -0.048, 0.051, 0.015
receiver: -0.048, 0.054, 0.015
receiver: -0.048, 0.057, 0.015
receiver: -0.048, 0.06, 0.015
receiver: -0.048, 0.063, 0.015
receiver: -0.048, 0.066, 0.015
receiver: -0.048, 0.069, 0.015
receiver: -0.048, 0.072, 0.015
receiver: -0.048, 0.075, 0.015
receiver: -0.045, -0.075, 0.015
receiver: -0.045, -0.072, 0.015
receiver: -0.045, -0.069, 0.015
receiver: -0.045, -0.066, 0.015
receiver: -0.045, -0.063, 0.015
receiver: -0.045, -0.06, 0.015
receiver: -0.045, -0.057, 0.015
receiver: -0.045, -0.054, 0.015
receiver: -0.045, -0.051, 0.015
receiver: -0.045, -0.048, 0.015
receiver: -0.045, -0.045, 0.015
receiver: -0.045, -0.042, 0.015
receiver: -0.045, -0.039, 0.015
receiver: -0.045, -0.036, 0.015
receiver: -0.045, -0.033, 0.015
receiver: -0.045, -0.03, 0.015
receiver: -0.045, -0.027, 0.015
receiver: -0.045, -0.024, 0.015
receiver: -0.045, -0.021, 0.015
receiver: -0.045, -0.018, 0.015
receiver: -0.045, -0.015, 0.015
receiver: -0.045, -0.012, 0.015
receiver: -0.045, -0.009, 0.015
receiver: -0.045, -0.006, 0.015
receiver: -0.045, -0.003, 0.015
receiver: -0.045, 0, 0.015
receiver: -0.045, 0.003, 0.015
receiver: -0.045, 0.006, 0.015
receiver: -0.045, 0.009, 0.015
receiver: -0.045, 0.012, 0.015
receiver: -0.045, 0.015, 0.015
receiver: -0.045, 0.018, 0.015
receiver: -0.045, 0.021, 0.015
receiver: -0.045, 0.024, 0.015
receiver: -0.045, 0.027, 0.015
receiver: -0.045, 0.03, 0.015
receiver: -0.045, 0.033, 0.015
receiver: -0.045, 0.036, 0.015
receiver: -0.045, 0.039, 0.015
receiver: -0.045, 0.042, 0.015
receiver: -0.045, 0.045, 0.015
receiver: -0.045, 0.048, 0.015
receiver: -0.045, 0.051, 0.015
receiver: -0.045, 0.054, 0.015
receiver: -0.045, 0.057, 0.015
receiver: -0.045, 0.06, 0.015
receiver: -0.045, 0.063, 0.015
receiver: -0.045, 0.066, 0.015
receiver: -0.045, 0.069, 0.015
receiver: -0.045, 0.072, 0.015
receiver: -0.045, 0.075, 0.015
receiver: -0.042, -0.075, 0.015
receiver: -0.042, -0.072, 0.015
receiver: -0.042, -0.069, 0.015
receiver: -0.042, -0.066, 0.015
receiver: -0.042, -0.063, 0.015
receiver: -0.042, -0.06, 0.015
receiver: -0.042, -0.057, 0.015
receiver: -0.042, -0.054, 0.015
receiver: -0.042, -0.051, 0.015
receiver: -0.042, -0.048, 0.015
receiver: -0.042, -0.045, 0.015
receiver: -0.042, -0.042, 0.015
receiver: -0.042, -0.039, 0.015
receiver: -0.042, -0.036, 0.015
receiver: -0.042, -0.033, 0.015
receiver: -0.042, -0.03, 0.015
receiver: -0.042, -0.027, 0.015
receiver: -0.042, -0.024, 0.015
receiver: -0.042, -0.021, 0.015
receiver: -0.042, -0.018, 0.015
receiver: -0.042, -0.015, 0.015
receiver: -0.042, -0.012, 0.015
receiver: -0.042, -0.009, 0.015
receiver: -0.042, -0.006, 0.015
receiver: -0.042, -0.003, 0.015
receiver: -0.042, 0, 0.015
receiver: -0.042, 0.003, 0.015
receiver: -0.042, 0.006, 0.015
receiver: -0.042, 0.009, 0.015
receiver: -0.042, 0.012, 0.015
receiver: -0.042, 0.015, 0.015
receiver: -0.042, 0.018, 0.015
receiver: -0.042, 0.021, 0.015
receiver: -0.042, 0.024, 0.015
receiver: -0.042, 0.027, 0.015
receiver: -0.042, 0.03, 0.015
receiver: -0.042, 0.033, 0.015
receiver: -0.042, 0.036, 0.015
receiver: -0.042, 0.039, 0.015
receiver: -0.042, 0.042, 0.015
receiver: -0.042, 0.045, 0.015
receiver: -0.042, 0.048, 0.015
receiver: -0.042, 0.051, 0.015
receiver: -0.042, 0.054, 0.015
receiver: -0.042, 0.057, 0.015
receiver: -0.042, 0.06, 0.015
receiver: -0.042, 0.063, 0.015
receiver: -0.042, 0.066, 0.015
receiver: -0.042, 0.069, 0.015
receiver: -0.042, 0.072, 0.015
receiver: -0.042, 0.075, 0.015
receiver: -0.039, -0.075, 0.015
receiver: -0.039, -0.072, 0.015
receiver: -0.039, -0.069, 0.015
receiver: -0.039, -0.066, 0.015
receiver: -0.039, -0.063, 0.015
receiver: -0.039, -0.06, 0.015
receiver: -0.039, -0.057, 0.015
receiver: -0.039, -0.054, 0.015
receiver: -0.039, -0.051, 0.015
receiver: -0.039, -0.048, 0.015
receiver: -0.039, -0.045, 0.015
receiver: -0.039, -0.042, 0.015
receiver: -0.039, -0.039, 0.015
receiver: -0.039, -0.036, 0.015
receiver: -0.039, -0.033, 0.015
receiver: -0.039, -0.03, 0.015
receiver: -0.039, -0.027, 0.015
receiver: -0.039, -0.024, 0.015
receiver: -0.039, -0.021, 0.015
receiver: -0.039, -0.018, 0.015
receiver: -0.039, -0.015, 0.015
receiver: -0.039, -0.012, 0.015
receiver: -0.039, -0.009, 0.015
receiver: -0.039, -0.006, 0.015
receiver: -0.039, -0.003, 0.015
receiver: -0.039, 0, 0.015
receiver: -0.039, 0.003, 0.015
receiver: -0.039, 0.006, 0.015
receiver: -0.039, 0.009, 0.015
receiver: -0.039, 0.012, 0.015
receiver: -0.039, 0.015, 0.015
receiver: -0.039, 0.018, 0.015
receiver: -0.039, 0.021, 0.015
receiver: -0.039, 0.024, 0.015
receiver: -0.039, 0.027, 0.015
receiver: -0.039, 0.03, 0.015
receiver: -0.039, 0.033, 0.015
receiver: -0.039, 0.036, 0.015
receiver: -0.039, 0.039, 0.015
receiver: -0.039, 0.042, 0.015
receiver: -0.039, 0.045, 0.015
receiver: -0.039, 0.048, 0.015
receiver: -0.039, 0.051, 0.015
receiver: -0.039, 0.054, 0.015
receiver: -0.039, 0.057, 0.015
receiver: -0.039, 0.06, 0.015
receiver: -0.039, 0.063, 0.015
receiver: -0.039, 0.066, 0.015
receiver: -0.039, 0.069, 0.015
receiver: -0.039, 0.072, 0.015
receiver: -0.039, 0.075, 0.015
receiver: -0.036, -0.075, 0.015
receiver: -0.036, -0.072, 0.015
receiver: -0.036, -0.069, 0.015
receiver: -0.036, -0.066, 0.015
receiver: -0.036, -0.063, 0.015
receiver: -0.036, -0.06, 0.015
receiver: -0.036, -0.057, 0.015
receiver: -0.036, -0.054, 0.015
receiver: -0.036, -0.051, 0.015
receiver: -0.036, -0.048, 0.015
receiver: -0.036, -0.045, 0.015
receiver: -0.036, -0.042, 0.015
receiver: -0.036, -0.039, 0.015
receiver: -0.036, -0.036, 0.015
receiver: -0.036, -0.033, 0.015
receiver: -0.036, -0.03, 0.015
receiver: -0.036, -0.027, 0.015
receiver: -0.036, -0.024, 0.015
receiver: -0.036, -0.021, 0.015
receiver: -0.036, -0.018, 0.015
receiver: -0.036, -0.015, 0.015
receiver: -0.036, -0.012, 0.015
receiver: -0.036, -0.009, 0.015
receiver: -0.036, -0.006, 0.015
receiver: -0.036, -0.003, 0.015
receiver: -0.036, 0, 0.015
receiver: -0.036, 0.003, 0.015
receiver: -0.036, 0.006, 0.015
receiver: -0.036, 0.009, 0.015
receiver: -0.036, 0.012, 0.015
receiver: -0.036, 0.015, 0.015
receiver: -0.036, 0.018, 0.015
receiver: -0.036, 0.021, 0.015
receiver: -0.036, 0.024, 0.015
receiver: -0.036, 0.027, 0.015
receiver: -0.036, 0.03, 0.015
receiver: -0.036, 0.033, 0.015
receiver: -0.036, 0.036, 0.015
receiver: -0.036, 0.039, 0.015
receiver: -0.036, 0.042, 0.015
receiver: -0.036, 0.045, 0.015
receiver: -0.036, 0.048, 0.015
receiver: -0.036, 0.051, 0.015
receiver: -0.036, 0.054, 0.015
receiver: -0.036, 0.057, 0.015
receiver: -0.036, 0.06, 0.015
receiver: -0.036, 0.063, 0.015
receiver: -0.036, 0.066, 0.015
receiver: -0.036, 0.069, 0.015
receiver: -0.036, 0.072, 0.015
receiver: -0.036, 0.075, 0.015
receiver: -0.033, -0.075, 0.015
receiver: -0.033, -0.072, 0.015
receiver: -0.033, -0.069, 0.015
receiver: -0.033, -0.066, 0.015
receiver: -0.033, -0.063, 0.015
receiver: -0.033, -0.06, 0.015
receiver: -0.033, -0.057, 0.015
receiver: -0.033, -0.054, 0.015
receiver: -0.033, -0.051, 0.015
receiver: -0.033, -0.048, 0.015
receiver: -0.033, -0.045, 0.015
receiver: -0.033, -0.042, 0.015
receiver: -0.033, -0.039, 0.015
receiver: -0.033, -0.036, 0.015
receiver: -0.033, -0.033, 0.015
receiver: -0.033, -0.03, 0.015
receiver: -0.033, -0.027, 0.015
receiver: -0.033, -0.024, 0.015
receiver: -0.033, -0.021, 0.015
receiver: -0.033, -0.018, 0.015
receiver: -0.033, -0.015, 0.015
receiver: -0.033, -0.012, 0.015
receiver: -0.033, -0.009, 0.015
receiver: -0.033, -0.006, 0.015
receiver: -0.033, -0.003, 0.015
receiver: -0.033, 0, 0.015
receiver: -0.033, 0.003, 0.015
receiver: -0.033, 0.006, 0.015
receiver: -0.033, 0.009, 0.015
receiver: -0.033, 0.012, 0.015
receiver: -0.033, 0.015, 0.015
receiver: -0.033, 0.018, 0.015
receiver: -0.033, 0.021, 0.015
receiver: -0.033, 0.024, 0.015
receiver: -0.033, 0.027, 0.015
receiver: -0.033, 0.03, 0.015
receiver: -0.033, 0.033, 0.015
receiver: -0.033, 0.036, 0.015
receiver: -0.033, 0.039, 0.015
receiver: -0.033, 0.042, 0.015
receiver: -0.033, 0.045, 0.015
receiver: -0.033, 0.048, 0.015
receiver: -0.033, 0.051, 0.015
receiver: -0.033, 0.054, 0.015
receiver: -0.033, 0.057, 0.015
receiver: -0.033, 0.06, 0.015
receiver: -0.033, 0.063, 0.015
receiver: -0.033, 0.066, 0.015
receiver: -0.033, 0.069, 0.015
receiver: -0.033, 0.072, 0.015
receiver: -0.033, 0.075, 0.015
receiver: -0.03, -0.075, 0.015
receiver: -0.03, -0.072, 0.015
receiver: -0.03, -0.069, 0.015
receiver: -0.03, -0.066, 0.015
receiver: -0.03, -0.063, 0.015
receiver: -0.03, -0.06, 0.015
receiver: -0.03, -0.057, 0.015
receiver: -0.03, -0.054, 0.015
receiver: -0.03, -0.051, 0.015
receiver: -0.03, -0.048, 0.015
receiver: -0.03, -0.045, 0.015
receiver: -0.03, -0.042, 0.015
receiver: -0.03, -0.039, 0.015
receiver: -0.03, -0.036, 0.015
receiver: -0.03, -0.033, 0.015
receiver: -0.03, -0.03, 0.015
receiver: -0.03, -0.027, 0.015
receiver: -0.03, -0.024, 0.015
receiver: -0.03, -0.021, 0.015
receiver: -0.03, -0.018, 0.015
receiver: -0.03, -0.015, 0.015
receiver: -0.03, -0.012, 0.015
receiver: -0.03, -0.009, 0.015
receiver: -0.03, -0.006, 0.015
receiver: -0.03, -0.003, 0.015
receiver: -0.03, 0, 0.015
receiver: -0.03, 0.003, 0.015
receiver: -0.03, 0.006, 0.015
receiver: -0.03, 0.009, 0.015
receiver: -0.03, 0.012, 0.015
receiver: -0.03, 0.015, 0.015
receiver: -0.03, 0.018, 0.015
receiver: -0.03, 0.021, 0.015
receiver: -0.03, 0.024, 0.015
receiver: -0.03, 0.027, 0.015
receiver: -0.03, 0.03, 0.015
receiver: -0.03, 0.033, 0.015
receiver: -0.03, 0.036, 0.015
receiver: -0.03, 0.039, 0.015
receiver: -0.03, 0.042, 0.015
receiver: -0.03, 0.045, 0.015
receiver: -0.03, 0.048, 0.015
receiver: -0.03, 0.051, 0.015
receiver: -0.03, 0.054, 0.015
receiver: -0.03, 0.057, 0.015
receiver: -0.03, 0.06, 0.015
receiver: -0.03, 0.063, 0.015
receiver: -0.03, 0.066, 0.015
receiver: -0.03, 0.069, 0.015
receiver: -0.03, 0.072, 0.015
receiver: -0.03, 0.075, 0.015
receiver: -0.027, -0.075, 0.015
receiver: -0.027, -0.072, 0.015
receiver: -0.027, -0.069, 0.015
receiver: -0.027, -0.066, 0.015
receiver: -0.027, -0.063, 0.015
receiver: -0.027, -0.06, 0.015
receiver: -0.027, -0.057, 0.015
receiver: -0.027, -0.054, 0.015
receiver: -0.027, -0.051, 0.015
receiver: -0.027, -0.048, 0.015
receiver: -0.027, -0.045, 0.015
receiver: -0.027, -0.042, 0.015
receiver: -0.027, -0.039, 0.015
receiver: -0.027, -0.036, 0.015
receiver: -0.027, -0.033, 0.015
receiver: -0.027, -0.03, 0.015
receiver: -0.027, -0.027, 0.015
receiver: -0.027, -0.024, 0.015
receiver: -0.027, -0.021, 0.015
receiver: -0.027, -0.018, 0.015
receiver: -0.027, -0.015, 0.015
receiver: -0.027, -0.012, 0.015
receiver: -0.027, -0.009, 0.015
receiver: -0.027, -0.006, 0.015
receiver: -0.027, -0.003, 0.015
receiver: -0.027, 0, 0.015
receiver: -0.027, 0.003, 0.015
receiver: -0.027, 0.006, 0.015
receiver: -0.027, 0.009, 0.015
receiver: -0.027, 0.012, 0.015
receiver: -0.027, 0.015, 0.015
receiver: -0.027, 0.018, 0.015
receiver: -0.027, 0.021, 0.015
receiver: -0.027, 0.024, 0.015
receiver: -0.027, 0.027, 0.015
receiver: -0.027, 0.03, 0.015
receiver: -0.027, 0.033, 0.015
receiver: -0.027, 0.036, 0.015
receiver: -0.027, 0.039, 0.015
receiver: -0.027, 0.042, 0.015
receiver: -0.027, 0.045, 0.015
receiver: -0.027, 0.048, 0.015
receiver: -0.027, 0.051, 0.015
receiver: -0.027, 0.054, 0.015
receiver: -0.027, 0.057, 0.015
receiver: -0.027, 0.06, 0.015
receiver: -0.027, 0.063, 0.015
receiver: -0.027, 0.066, 0.015
receiver: -0.027, 0.069, 0.015
receiver: -0.027, 0.072, 0.015
receiver: -0.027, 0.075, 0.015
receiver: -0.024, -0.075, 0.015
receiver: -0.024, -0.072, 0.015
receiver: -0.024, -0.069, 0.015
receiver: -0.024, -0.066, 0.015
receiver: -0.024, -0.063, 0.015
receiver: -0.024, -0.06, 0.015
receiver: -0.024, -0.057, 0.015
receiver: -0.024, -0.054, 0.015
receiver: -0.024, -0.051, 0.015
receiver: -0.024, -0.048, 0.015
receiver: -0.024, -0.045, 0.015
receiver: -0.024, -0.042, 0.015
receiver: -0.024, -0.039, 0.015
receiver: -0.024, -0.036, 0.015
receiver: -0.024, -0.033, 0.015
receiver: -0.024, -0.03, 0.015
receiver: -0.024, -0.027, 0.015
receiver: -0.024, -0.024, 0.015
receiver: -0.024, -0.021, 0.015
receiver: -0.024, -0.018, 0.015
receiver: -0.024, -0.015, 0.015
receiver: -0.024, -0.012, 0.015
receiver: -0.024, -0.009, 0.015
receiver: -0.024, -0.006, 0.015
receiver: -0.024, -0.003, 0.015
receiver: -0.024, 0, 0.015
receiver: -0.024, 0.003, 0.015
receiver: -0.024, 0.006, 0.015
receiver: -0.024, 0.009, 0.015
receiver: -0.024, 0.012, 0.015
receiver: -0.024, 0.015, 0.015
receiver: -0.024, 0.018, 0.015
receiver: -0.024, 0.021, 0.015
receiver: -0.024, 0.024, 0.015
receiver: -0.024, 0.027, 0.015
receiver: -0.024, 0.03, 0.015
receiver: -0.024, 0.033, 0.015
receiver: -0.024, 0.036, 0.015
receiver: -0.024, 0.039, 0.015
receiver: -0.024, 0.042, 0.015
receiver: -0.024, 0.045, 0.015
receiver: -0.024, 0.048, 0.015
receiver: -0.024, 0.051, 0.015
receiver: -0.024, 0.054, 0.015
receiver: -0.024, 0.057, 0.015
receiver: -0.024, 0.06, 0.015
receiver: -0.024, 0.063, 0.015
receiver: -0.024, 0.066, 0.015
receiver: -0.024, 0.069, 0.015
receiver: -0.024, 0.072, 0.015
receiver: -0.024, 0.075, 0.015
receiver: -0.021, -0.075, 0.015
receiver: -0.021, -0.072, 0.015
receiver: -0.021, -0.069, 0.015
receiver: -0.021, -0.066, 0.015
receiver: -0.021, -0.063, 0.015
receiver: -0.021, -0.06, 0.015
receiver: -0.021, -0.057, 0.015
receiver: -0.021, -0.054, 0.015
receiver: -0.021, -0.051, 0.015
receiver: -0.021, -0.048, 0.015
receiver: -0.021, -0.045, 0.015
receiver: -0.021, -0.042, 0.015
receiver: -0.021, -0.039, 0.015
receiver: -0.021, -0.036, 0.015
receiver: -0.021, -0.033, 0.015
receiver: -0.021, -0.03, 0.015
receiver: -0.021, -0.027, 0.015
receiver: -0.021, -0.024, 0.015
receiver: -0.021, -0.021, 0.015
receiver: -0.021, -0.018, 0.015
receiver: -0.021, -0.015, 0.015
receiver: -0.021, -0.012, 0.015
receiver: -0.021, -0.009, 0.015
receiver: -0.021, -0.006, 0.015
receiver: -0.021, -0.003, 0.015
receiver: -0.021, 0, 0.015
receiver: -0.021, 0.003, 0.015
receiver: -0.021, 0.006, 0.015
receiver: -0.021, 0.009, 0.015
receiver: -0.021, 0.012, 0.015
receiver: -0.021, 0.015, 0.015
receiver: -0.021, 0.018, 0.015
receiver: -0.021, 0.021, 0.015
receiver: -0.021, 0.024, 0.015
receiver: -0.021, 0.027, 0.015
receiver: -0.021, 0.03, 0.015
receiver: -0.021, 0.033, 0.015
receiver: -0.021, 0.036, 0.015
receiver: -0.021, 0.039, 0.015
receiver: -0.021, 0.042, 0.015
receiver: -0.021, 0.045, 0.015
receiver: -0.021, 0.048, 0.015
receiver: -0.021, 0.051, 0.015
receiver: -0.021, 0.054, 0.015
receiver: -0.021, 0.057, 0.015
receiver: -0.021, 0.06, 0.015
receiver: -0.021, 0.063, 0.015
receiver: -0.021, 0.066, 0.015
receiver: -0.021, 0.069, 0.015
receiver: -0.021, 0.072, 0.015
receiver: -0.021, 0.075, 0.015
receiver: -0.018, -0.075, 0.015
receiver: -0.018, -0.072, 0.015
receiver: -0.018, -0.069, 0.015
receiver: -0.018, -0.066, 0.015
receiver: -0.018, -0.063, 0.015
receiver: -0.018, -0.06, 0.015
receiver: -0.018, -0.057, 0.015
receiver: -0.018, -0.054, 0.015
receiver: -0.018, -0.051, 0.015
receiver: -0.018, -0.048, 0.015
receiver: -0.018, -0.045, 0.015
receiver: -0.018, -0.042, 0.015
receiver: -0.018, -0.039, 0.015
receiver: -0.018, -0.036, 0.015
receiver: -0.018, -0.033, 0.015
receiver: -0.018, -0.03, 0.015
receiver: -0.018, -0.027, 0.015
receiver: -0.018, -0.024, 0.015
receiver: -0.018, -0.021, 0.015
receiver: -0.018, -0.018, 0.015
receiver: -0.018, -0.015, 0.015
receiver: -0.018, -0.012, 0.015
receiver: -0.018, -0.009, 0.015
receiver: -0.018, -0.006, 0.015
receiver: -0.018, -0.003, 0.015
receiver: -0.018, 0, 0.015
receiver: -0.018, 0.003, 0.015
receiver: -0.018, 0.006, 0.015
receiver: -0.018, 0.009, 0.015
receiver: -0.018, 0.012, 0.015
receiver: -0.018, 0.015, 0.015
receiver: -0.018, 0.018, 0.015
receiver: -0.018, 0.021, 0.015
receiver: -0.018, 0.024, 0.015
receiver: -0.018, 0.027, 0.015
receiver: -0.018, 0.03, 0.015
receiver: -0.018, 0.033, 0.015
receiver: -0.018, 0.036, 0.015
receiver: -0.018, 0.039, 0.015
receiver: -0.018, 0.042, 0.015
receiver: -0.018, 0.045, 0.015
receiver: -0.018, 0.048, 0.015
receiver: -0.018, 0.051, 0.015
receiver: -0.018, 0.054, 0.015
receiver: -0.018, 0.057, 0.015
receiver: -0.018, 0.06, 0.015
receiver: -0.018, 0.063, 0.015
receiver: -0.018, 0.066, 0.015
receiver: -0.018, 0.069, 0.015
receiver: -0.018, 0.072, 0.015
receiver: -0.018, 0.075, 0.015
receiver: -0.015, -0.075, 0.015
receiver: -0.015, -0.072, 0.015
receiver: -0.015, -0.069, 0.015
receiver: -0.015, -0.066, 0.015
receiver: -0.015, -0.063, 0.015
receiver: -0.015, -0.06, 0.015
receiver: -0.015, -0.057, 0.015
receiver: -0.015, -0.054, 0.015
receiver: -0.015, -0.051, 0.015
receiver: -0.015, -0.048, 0.015
receiver: -0.015, -0.045, 0.015
receiver: -0.015, -0.042, 0.015
receiver: -0.015, -0.039, 0.015
receiver: -0.015, -0.036, 0.015
receiver: -0.015, -0.033, 0.015
receiver: -0.015, -0.03, 0.015
receiver: -0.015, -0.027, 0.015
receiver: -0.015, -0.024, 0.015
receiver: -0.015, -0.021, 0.015
receiver: -0.015, -0.018, 0.015
receiver: -0.015, -0.015, 0.015
receiver: -0.015, -0.012, 0.015
receiver: -0.015, -0.009, 0.015
receiver: -0.015, -0.006, 0.015
receiver: -0.015, -0.003, 0.015
receiver: -0.015, 0, 0.015
receiver: -0.015, 0.003, 0.015
receiver: -0.015, 0.006, 0.015
receiver: -0.015, 0.009, 0.015
receiver: -0.015, 0.012, 0.015
receiver: -0.015, 0.015, 0.015
receiver: -0.015, 0.018, 0.015
receiver: -0.015, 0.021, 0.015
receiver: -0.015, 0.024, 0.015
receiver: -0.015, 0.027, 0.015
receiver: -0.015, 0.03, 0.015
receiver: -0.015, 0.033, 0.015
receiver: -0.015, 0.036, 0.015
receiver: -0.015, 0.039, 0.015
receiver: -0.015, 0.042, 0.015
receiver: -0.015, 0.045, 0.015
receiver: -0.015, 0.048, 0.015
receiver: -0.015, 0.051, 0.015
receiver: -0.015, 0.054, 0.015
receiver: -0.015, 0.057, 0.015
receiver: -0.015, 0.06, 0.015
receiver: -0.015, 0.063, 0.015
receiver: -0.015, 0.066, 0.015
receiver: -0.015, 0.069, 0.015
receiver: -0.015, 0.072, 0.015
receiver: -0.015, 0.075, 0.015
receiver: -0.012, -0.075, 0.015
receiver: -0.012, -0.072, 0.015
receiver: -0.012, -0.069, 0.015
receiver: -0.012, -0.066, 0.015
receiver: -0.012, -0.063, 0.015
receiver: -0.012, -0.06, 0.015
receiver: -0.012, -0.057, 0.015
receiver: -0.012, -0.054, 0.015
receiver: -0.012, -0.051, 0.015
receiver: -0.012, -0.048, 0.015
receiver: -0.012, -0.045, 0.015
receiver: -0.012, -0.042, 0.015
receiver: -0.012, -0.039, 0.015
receiver: -0.012, -0.036, 0.015
receiver: -0.012, -0.033, 0.015
receiver: -0.012, -0.03, 0.015
receiver: -0.012, -0.027, 0.015
receiver: -0.012, -0.024, 0.015
receiver: -0.012, -0.021, 0.015
receiver: -0.012, -0.018, 0.015
receiver: -0.012, -0.015, 0.015
receiver: -0.012, -0.012, 0.015
receiver: -0.012, -0.009, 0.015
receiver: -0.012, -0.006, 0.015
receiver: -0.012, -0.003, 0.015
receiver: -0.012, 0, 0.015
receiver: -0.012, 0.003, 0.015
receiver: -0.012, 0.006, 0.015
receiver: -0.012, 0.009, 0.015
receiver: -0.012, 0.012, 0.015
receiver: -0.012, 0.015, 0.015
receiver: -0.012, 0.018, 0.015
receiver: -0.012, 0.021, 0.015
receiver: -0.012, 0.024, 0.015
receiver: -0.012, 0.027, 0.015
receiver: -0.012, 0.03, 0.015
receiver: -0.012, 0.033, 0.015
receiver: -0.012, 0.036, 0.015
receiver: -0.012, 0.039, 0.015
receiver: -0.012, 0.042, 0.015
receiver: -0.012, 0.045, 0.015
receiver: -0.012, 0.048, 0.015
receiver: -0.012, 0.051, 0.015
receiver: -0.012, 0.054, 0.015
receiver: -0.012, 0.057, 0.015
receiver: -0.012, 0.06, 0.015
receiver: -0.012, 0.063, 0.015
receiver: -0.012, 0.066, 0.015
receiver: -0.012, 0.069, 0.015
receiver: -0.012, 0.072, 0.015
receiver: -0.012, 0.075, 0.015
receiver: -0.009, -0.075, 0.015
receiver: -0.009, -0.072, 0.015
receiver: -0.009, -0.069, 0.015
receiver: -0.009, -0.066, 0.015
receiver: -0.009, -0.063, 0.015
receiver: -0.009, -0.06, 0.015
receiver: -0.009, -0.057, 0.015
receiver: -0.009, -0.054, 0.015
receiver: -0.009, -0.051, 0.015
receiver: -0.009, -0.048, 0.015
receiver: -0.009, -0.045, 0.015
receiver: -0.009, -0.042, 0.015
receiver: -0.009, -0.039, 0.015
receiver: -0.009, -0.036, 0.015
receiver: -0.009, -0.033, 0.015
receiver: -0.009, -0.03, 0.015
receiver: -0.009, -0.027, 0.015
receiver: -0.009, -0.024, 0.015
receiver: -0.009, -0.021, 0.015
receiver: -0.009, -0.018, 0.015
receiver: -0.009, -0.015, 0.015
receiver: -0.009, -0.012, 0.015
receiver: -0.009, -0.009, 0.015
receiver: -0.009, -0.006, 0.015
receiver: -0.009, -0.003, 0.015
receiver: -0.009, 0, 0.015
receiver: -0.009, 0.003, 0.015
receiver: -0.009, 0.006, 0.015
receiver: -0.009, 0.009, 0.015
receiver: -0.009, 0.012, 0.015
receiver: -0.009, 0.015, 0.015
receiver: -0.009, 0.018, 0.015
receiver: -0.009, 0.021, 0.015
receiver: -0.009, 0.024, 0.015
receiver: -0.009, 0.027, 0.015
receiver: -0.009, 0.03, 0.015
receiver: -0.009, 0.033, 0.015
receiver: -0.009, 0.036, 0.015
receiver: -0.009, 0.039, 0.015
receiver: -0.009, 0.042, 0.015
receiver: -0.009, 0.045, 0.015
receiver: -0.009, 0.048, 0.015
receiver: -0.009, 0.051, 0.015
receiver: -0.009, 0.054, 0.015
receiver: -0.009, 0.057, 0.015
receiver: -0.009, 0.06, 0.015
receiver: -0.009, 0.063, 0.015
receiver: -0.009, 0.066, 0.015
receiver: -0.009, 0.069, 0.015
receiver: -0.009, 0.072, 0.015
receiver: -0.009, 0.075, 0.015
receiver: -0.006, -0.075, 0.015
receiver: -0.006, -0.072, 0.015
receiver: -0.006, -0.069, 0.015
receiver: -0.006, -0.066, 0.015
receiver: -0.006, -0.063, 0.015
receiver: -0.006, -0.06, 0.015
receiver: -0.006, -0.057, 0.015
receiver: -0.006, -0.054, 0.015
receiver: -0.006, -0.051, 0.015
receiver: -0.006, -0.048, 0.015
receiver: -0.006, -0.045, 0.015
receiver: -0.006, -0.042, 0.015
receiver: -0.006, -0.039, 0.015
receiver: -0.006, -0.036, 0.015
receiver: -0.006, -0.033, 0.015
receiver: -0.006, -0.03, 0.015
receiver: -0.006, -0.027, 0.015
receiver: -0.006, -0.024, 0.015
receiver: -0.006, -0.021, 0.015
receiver: -0.006, -0.018, 0.015
receiver: -0.006, -0.015, 0.015
receiver: -0.006, -0.012, 0.015
receiver: -0.006, -0.009, 0.015
receiver: -0.006, -0.006, 0.015
receiver: -0.006, -0.003, 0.015
receiver: -0.006, 0, 0.015
receiver: -0.006, 0.003, 0.015
receiver: -0.006, 0.006, 0.015
receiver: -0.006, 0.009, 0.015
receiver: -0.006, 0.012, 0.015
receiver: -0.006, 0.015, 0.015
receiver: -0.006, 0.018, 0.015
receiver: -0.006, 0.021, 0.015
receiver: -0.006, 0.024, 0.015
receiver: -0.006, 0.027, 0.015
receiver: -0.006, 0.03, 0.015
receiver: -0.006, 0.033, 0.015
receiver: -0.006, 0.036, 0.015
receiver: -0.006, 0.039, 0.015
receiver: -0.006, 0.042, 0.015
receiver: -0.006, 0.045, 0.015
receiver: -0.006, 0.048, 0.015
receiver: -0.006, 0.051, 0.015
receiver: -0.006, 0.054, 0.015
receiver: -0.006, 0.057, 0.015
receiver: -0.006, 0.06, 0.015
receiver: -0.006, 0.063, 0.015
receiver: -0.006, 0.066, 0.015
receiver: -0.006, 0.069, 0.015
receiver: -0.006, 0.072, 0.015
receiver: -0.006, 0.075, 0.015
receiver: -0.003, -0.075, 0.015
receiver: -0.003, -0.072, 0.015
receiver: -0.003, -0.069, 0.015
receiver: -0.003, -0.066, 0.015
receiver: -0.003, -0.063, 0.015
receiver: -0.003, -0.06, 0.015
receiver: -0.003, -0.057, 0.015
receiver: -0.003, -0.054, 0.015
receiver: -0.003, -0.051, 0.015
receiver: -0.003, -0.048, 0.015
receiver: -0.003, -0.045, 0.015
receiver: -0.003, -0.042, 0.015
receiver: -0.003, -0.039, 0.015
receiver: -0.003, -0.036, 0.015
receiver: -0.003, -0.033, 0.015
receiver: -0.003, -0.03, 0.015
receiver: -0.003, -0.027, 0.015
receiver: -0.003, -0.024, 0.015
receiver: -0.003, -0.021, 0.015
receiver: -0.003, -0.018, 0.015
receiver: -0.003, -0.015, 0.015
receiver: -0.003, -0.012, 0.015
receiver: -0.003, -0.009, 0.015
receiver: -0.003, -0.006, 0.015
receiver: -0.003, -0.003, 0.015
receiver: -0.003, 0, 0.015
receiver: -0.003, 0.003, 0.015
receiver: -0.003, 0.006, 0.015
receiver: -0.003, 0.009, 0.015
receiver: -0.003, 0.012, 0.015
receiver: -0.003, 0.015, 0.015
receiver: -0.003, 0.018, 0.015
receiver: -0.003, 0.021, 0.015
receiver: -0.003, 0.024, 0.015
receiver: -0.003, 0.027, 0.015
receiver: -0.003, 0.03, 0.015
receiver: -0.003, 0.033, 0.015
receiver: -0.003, 0.036, 0.015
receiver: -0.003, 0.039, 0.015
receiver: -0.003, 0.042, 0.015
receiver: -0.003, 0.045, 0.015
receiver: -0.003, 0.048, 0.015
receiver: -0.003, 0.051, 0.015
receiver: -0.003, 0.054, 0.015
receiver: -0.003, 0.057, 0.015
receiver: -0.003, 0.06, 0.015
receiver: -0.003, 0.063, 0.015
receiver: -0.003, 0.066, 0.015
receiver: -0.003, 0.069, 0.015
receiver: -0.003, 0.072, 0.015
receiver: -0.003, 0.075, 0.015
receiver: 0, -0.075, 0.015
receiver: 0, -0.072, 0.015
receiver: 0, -0.069, 0.015
receiver: 0, -0.066, 0.015
receiver: 0, -0.063, 0.015
receiver: 0, -0.06, 0.015
receiver: 0, -0.057, 0.015
receiver: 0, -0.054, 0.015
receiver: 0, -0.051, 0.015
receiver: 0, -0.048, 0.015
receiver: 0, -0.045, 0.015
receiver: 0, -0.042, 0.015
receiver: 0, -0.039, 0.015
receiver: 0, -0.036, 0.015
receiver: 0, -0.033, 0.015
receiver: 0, -0.03, 0.015
receiver: 0, -0.027, 0.015
receiver: 0, -0.024, 0.015
receiver: 0, -0.021, 0.015
receiver: 0, -0.018, 0.015
receiver: 0, -0.015, 0.015
receiver: 0, -0.012, 0.015
receiver: 0, -0.009, 0.015
receiver: 0, -0.006, 0.015
receiver: 0, -0.003, 0.015
receiver: 0, 0, 0.015
receiver: 0, 0.003, 0.015
receiver: 0, 0.006, 0.015
receiver: 0, 0.009, 0.015
receiver: 0, 0.012, 0.015
receiver: 0, 0.015, 0.015
receiver: 0, 0.018, 0.015
receiver: 0, 0.021, 0.015
receiver: 0, 0.024, 0.015
receiver: 0, 0.027, 0.015
receiver: 0, 0.03, 0.015
receiver: 0, 0.033, 0.015
receiver: 0, 0.036, 0.015
receiver: 0, 0.039, 0.015
receiver: 0, 0.042, 0.015
receiver: 0, 0.045, 0.015
receiver: 0, 0.048, 0.015
receiver: 0, 0.051, 0.015
receiver: 0, 0.054, 0.015
receiver: 0, 0.057, 0.015
receiver: 0, 0.06, 0.015
receiver: 0, 0.063, 0.015
receiver: 0, 0.066, 0.015
receiver: 0, 0.069, 0.015
receiver: 0, 0.072, 0.015
receiver: 0, 0.075, 0.015
receiver: 0.003, -0.075, 0.015
receiver: 0.003, -0.072, 0.015
receiver: 0.003, -0.069, 0.015
receiver: 0.003, -0.066, 0.015
receiver: 0.003, -0.063, 0.015
receiver: 0.003, -0.06, 0.015
receiver: 0.003, -0.057, 0.015
receiver: 0.003, -0.054, 0.015
receiver: 0.003, -0.051, 0.015
receiver: 0.003, -0.048, 0.015
receiver: 0.003, -0.045, 0.015
receiver: 0.003, -0.042, 0.015
receiver: 0.003, -0.039, 0.015
receiver: 0.003, -0.036, 0.015
receiver: 0.003, -0.033, 0.015
receiver: 0.003, -0.03, 0.015
receiver: 0.003, -0.027, 0.015
receiver: 0.003, -0.024, 0.015
receiver: 0.003, -0.021, 0.015
receiver: 0.003, -0.018, 0.015
receiver: 0.003, -0.015, 0.015
receiver: 0.003, -0.012, 0.015
receiver: 0.003, -0.009, 0.015
receiver: 0.003, -0.006, 0.015
receiver: 0.003, -0.003, 0.015
receiver: 0.003, 0, 0.015
receiver: 0.003, 0.003, 0.015
receiver: 0.003, 0.006, 0.015
receiver: 0.003, 0.009, 0.015
receiver: 0.003, 0.012, 0.015
receiver: 0.003, 0.015, 0.015
receiver: 0.003, 0.018, 0.015
receiver: 0.003, 0.021, 0.015
receiver: 0.003, 0.024, 0.015
receiver: 0.003, 0.027, 0.015
receiver: 0.003, 0.03, 0.015
receiver: 0.003, 0.033, 0.015
receiver: 0.003, 0.036, 0.015
receiver: 0.003, 0.039, 0.015
receiver: 0.003, 0.042, 0.015
receiver: 0.003, 0.045, 0.015
receiver: 0.003, 0.048, 0.015
receiver: 0.003, 0.051, 0.015
receiver: 0.003, 0.054, 0.015
receiver: 0.003, 0.057, 0.015
receiver: 0.003, 0.06, 0.015
receiver: 0.003, 0.063, 0.015
receiver: 0.003, 0.066, 0.015
receiver: 0.003, 0.069, 0.015
receiver: 0.003, 0.072, 0.015
receiver: 0.003, 0.075, 0.015
receiver: 0.006, -0.075, 0.015
receiver: 0.006, -0.072, 0.015
receiver: 0.006, -0.069, 0.015
receiver: 0.006, -0.066, 0.015
receiver: 0.006, -0.063, 0.015
receiver: 0.006, -0.06, 0.015
receiver: 0.006, -0.057, 0.015
receiver: 0.006, -0.054, 0.015
receiver: 0.006, -0.051, 0.015
receiver: 0.006, -0.048, 0.015
receiver: 0.006, -0.045, 0.015
receiver: 0.006, -0.042, 0.015
receiver: 0.006, -0.039, 0.015
receiver: 0.006, -0.036, 0.015
receiver: 0.006, -0.033, 0.015
receiver: 0.006, -0.03, 0.015
receiver: 0.006, -0.027, 0.015
receiver: 0.006, -0.024, 0.015
receiver: 0.006, -0.021, 0.015
receiver: 0.006, -0.018, 0.015
receiver: 0.006, -0.015, 0.015
receiver: 0.006, -0.012, 0.015
receiver: 0.006, -0.009, 0.015
receiver: 0.006, -0.006, 0.015
receiver: 0.006, -0.003, 0.015
receiver: 0.006, 0, 0.015
receiver: 0.006, 0.003, 0.015
receiver: 0.006, 0.006, 0.015
receiver: 0.006, 0.009, 0.015
receiver: 0.006, 0.012, 0.015
receiver: 0.006, 0.015, 0.015
receiver: 0.006, 0.018, 0.015
receiver: 0.006, 0.021, 0.015
receiver: 0.006, 0.024, 0.015
receiver: 0.006, 0.027, 0.015
receiver: 0.006, 0.03, 0.015
receiver: 0.006, 0.033, 0.015
receiver: 0.006, 0.036, 0.015
receiver: 0.006, 0.039, 0.015
receiver: 0.006, 0.042, 0.015
receiver: 0.006, 0.045, 0.015
receiver: 0.006, 0.048, 0.015
receiver: 0.006, 0.051, 0.015
receiver: 0.006, 0.054, 0.015
receiver: 0.006, 0.057, 0.015
receiver: 0.006, 0.06, 0.015
receiver: 0.006, 0.063, 0.015
receiver: 0.006, 0.066, 0.015
receiver: 0.006, 0.069, 0.015
receiver: 0.006, 0.072, 0.015
receiver: 0.006, 0.075, 0.015
receiver: 0.009, -0.075, 0.015
receiver: 0.009, -0.072, 0.015
receiver: 0.009, -0.069, 0.015
receiver: 0.009, -0.066, 0.015
receiver: 0.009, -0.063, 0.015
receiver: 0.009, -0.06, 0.015
receiver: 0.009, -0.057, 0.015
receiver: 0.009, -0.054, 0.015
receiver: 0.009, -0.051, 0.015
receiver: 0.009, -0.048, 0.015
receiver: 0.009, -0.045, 0.015
receiver: 0.009, -0.042, 0.015
receiver: 0.009, -0.039, 0.015
receiver: 0.009, -0.036, 0.015
receiver: 0.009, -0.033, 0.015
receiver: 0.009, -0.03, 0.015
receiver: 0.009, -0.027, 0.015
receiver: 0.009, -0.024, 0.015
receiver: 0.009, -0.021, 0.015
receiver: 0.009, -0.018, 0.015
receiver: 0.009, -0.015, 0.015
receiver: 0.009, -0.012, 0.015
receiver: 0.009, -0.009, 0.015
receiver: 0.009, -0.006, 0.015
receiver: 0.009, -0.003, 0.015
receiver: 0.009, 0, 0.015
receiver: 0.009, 0.003, 0.015
receiver: 0.009, 0.006, 0.015
receiver: 0.009, 0.009, 0.015
receiver: 0.009, 0.012, 0.015
receiver: 0.009, 0.015, 0.015
receiver: 0.009, 0.018, 0.015
receiver: 0.009, 0.021, 0.015
receiver: 0.009, 0.024, 0.015
receiver: 0.009, 0.027, 0.015
receiver: 0.009, 0.03, 0.015
receiver: 0.009, 0.033, 0.015
receiver: 0.009, 0.036, 0.015
receiver: 0.009, 0.039, 0.015
receiver: 0.009, 0.042, 0.015
receiver: 0.009, 0.045, 0.015
receiver: 0.009, 0.048, 0.015
receiver: 0.009, 0.051, 0.015
receiver: 0.009, 0.054, 0.015
receiver: 0.009, 0.057, 0.015
receiver: 0.009, 0.06, 0.015
receiver: 0.009, 0.063, 0.015
receiver: 0.009, 0.066, 0.015
receiver: 0.009, 0.069, 0.015
receiver: 0.009, 0.072, 0.015
receiver: 0.009, 0.075, 0.015
receiver: 0.012, -0.075, 0.015
receiver: 0.012, -0.072, 0.015
receiver: 0.012, -0.069, 0.015
receiver: 0.012, -0.066, 0.015
receiver: 0.012, -0.063, 0.015
receiver: 0.012, -0.06, 0.015
receiver: 0.012, -0.057, 0.015
receiver: 0.012, -0.054, 0.015
receiver: 0.012, -0.051, 0.015
receiver: 0.012, -0.048, 0.015
receiver: 0.012, -0.045, 0.015
receiver: 0.012, -0.042, 0.015
receiver: 0.012, -0.039, 0.015
receiver: 0.012, -0.036, 0.015
receiver: 0.012, -0.033, 0.015
receiver: 0.012, -0.03, 0.015
receiver: 0.012, -0.027, 0.015
receiver: 0.012, -0.024, 0.015
receiver: 0.012, -0.021, 0.015
receiver: 0.012, -0.018, 0.015
receiver: 0.012, -0.015, 0.015
receiver: 0.012, -0.012, 0.015
receiver: 0.012, -0.009, 0.015
receiver: 0.012, -0.006, 0.015
receiver: 0.012, -0.003, 0.015
receiver: 0.012, 0, 0.015
receiver: 0.012, 0.003, 0.015
receiver: 0.012, 0.006, 0.015
receiver: 0.012, 0.009, 0.015
receiver: 0.012, 0.012, 0.015
receiver: 0.012, 0.015, 0.015
receiver: 0.012, 0.018, 0.015
receiver: 0.012, 0.021, 0.015
receiver: 0.012, 0.024, 0.015
receiver: 0.012, 0.027, 0.015
receiver: 0.012, 0.03, 0.015
receiver: 0.012, 0.033, 0.015
receiver: 0.012, 0.036, 0.015
receiver: 0.012, 0.039, 0.015
receiver: 0.012, 0.042, 0.015
receiver: 0.012, 0.045, 0.015
receiver: 0.012, 0.048, 0.015
receiver: 0.012, 0.051, 0.015
receiver: 0.012, 0.054, 0.015
receiver: 0.012, 0.057, 0.015
receiver: 0.012, 0.06, 0.015
receiver: 0.012, 0.063, 0.015
receiver: 0.012, 0.066, 0.015
receiver: 0.012, 0.069, 0.015
receiver: 0.012, 0.072, 0.015
receiver: 0.012, 0.075, 0.015
receiver: 0.015, -0.075, 0.015
receiver: 0.015, -0.072, 0.015
receiver: 0.015, -0.069, 0.015
receiver: 0.015, -0.066, 0.015
receiver: 0.015, -0.063, 0.015
receiver: 0.015, -0.06, 0.015
receiver: 0.015, -0.057, 0.015
receiver: 0.015, -0.054, 0.015
receiver: 0.015, -0.051, 0.015
receiver: 0.015, -0.048, 0.015
receiver: 0.015, -0.045, 0.015
receiver: 0.015, -0.042, 0.015
receiver: 0.015, -0.039, 0.015
receiver: 0.015, -0.036, 0.015
receiver: 0.015, -0.033, 0.015
receiver: 0.015, -0.03, 0.015
receiver: 0.015, -0.027, 0.015
receiver: 0.015, -0.024, 0.015
receiver: 0.015, -0.021, 0.015
receiver: 0.015, -0.018, 0.015
receiver: 0.015, -0.015, 0.015
receiver: 0.015, -0.012, 0.015
receiver: 0.015, -0.009, 0.015
receiver: 0.015, -0.006, 0.015
receiver: 0.015, -0.003, 0.015
receiver: 0.015, 0, 0.015
receiver: 0.015, 0.003, 0.015
receiver: 0.015, 0.006, 0.015
receiver: 0.015, 0.009, 0.015
receiver: 0.015, 0.012, 0.015
receiver: 0.015, 0.015, 0.015
receiver: 0.015, 0.018, 0.015
receiver: 0.015, 0.021, 0.015
receiver: 0.015, 0.024, 0.015
receiver: 0.015, 0.027, 0.015
receiver: 0.015, 0.03, 0.015
receiver: 0.015, 0.033, 0.015
receiver: 0.015, 0.036, 0.015
receiver: 0.015, 0.039, 0.015
receiver: 0.015, 0.042, 0.015
receiver: 0.015, 0.045, 0.015
receiver: 0.015, 0.048, 0.015
receiver: 0.015, 0.051, 0.015
receiver: 0.015, 0.054, 0.015
receiver: 0.015, 0.057, 0.015
receiver: 0.015, 0.06, 0.015
receiver: 0.015, 0.063, 0.015
receiver: 0.015, 0.066, 0.015
receiver: 0.015, 0.069, 0.015
receiver: 0.015, 0.072, 0.015
receiver: 0.015, 0.075, 0.015
receiver: 0.018, -0.075, 0.015
receiver: 0.018, -0.072, 0.015
receiver: 0.018, -0.069, 0.015
receiver: 0.018, -0.066, 0.015
receiver: 0.018, -0.063, 0.015
receiver: 0.018, -0.06, 0.015
receiver: 0.018, -0.057, 0.015
receiver: 0.018, -0.054, 0.015
receiver: 0.018, -0.051, 0.015
receiver: 0.018, -0.048, 0.015
receiver: 0.018, -0.045, 0.015
receiver: 0.018, -0.042, 0.015
receiver: 0.018, -0.039, 0.015
receiver: 0.018, -0.036, 0.015
receiver: 0.018, -0.033, 0.015
receiver: 0.018, -0.03, 0.015
receiver: 0.018, -0.027, 0.015
receiver: 0.018, -0.024, 0.015
receiver: 0.018, -0.021, 0.015
receiver: 0.018, -0.018, 0.015
receiver: 0.018, -0.015, 0.015
receiver: 0.018, -0.012, 0.015
receiver: 0.018, -0.009, 0.015
receiver: 0.018, -0.006, 0.015
receiver: 0.018, -0.003, 0.015
receiver: 0.018, 0, 0.015
receiver: 0.018, 0.003, 0.015
receiver: 0.018, 0.006, 0.015
receiver: 0.018, 0.009, 0.015
receiver: 0.018, 0.012, 0.015
receiver: 0.018, 0.015, 0.015
receiver: 0.018, 0.018, 0.015
receiver: 0.018, 0.021, 0.015
receiver: 0.018, 0.024, 0.015
receiver: 0.018, 0.027, 0.015
receiver: 0.018, 0.03, 0.015
receiver: 0.018, 0.033, 0.015
receiver: 0.018, 0.036, 0.015
receiver: 0.018, 0.039, 0.015
receiver: 0.018, 0.042, 0.015
receiver: 0.018, 0.045, 0.015
receiver: 0.018, 0.048, 0.015
receiver: 0.018, 0.051, 0.015
receiver: 0.018, 0.054, 0.015
receiver: 0.018, 0.057, 0.015
receiver: 0.018, 0.06, 0.015
receiver: 0.018, 0.063, 0.015
receiver: 0.018, 0.066, 0.015
receiver: 0.018, 0.069, 0.015
receiver: 0.018, 0.072, 0.015
receiver: 0.018, 0.075, 0.015
receiver: 0.021, -0.075, 0.015
receiver: 0.021, -0.072, 0.015
receiver: 0.021, -0.069, 0.015
receiver: 0.021, -0.066, 0.015
receiver: 0.021, -0.063, 0.015
receiver: 0.021, -0.06, 0.015
receiver: 0.021, -0.057, 0.015
receiver: 0.021, -0.054, 0.015
receiver: 0.021, -0.051, 0.015
receiver: 0.021, -0.048, 0.015
receiver: 0.021, -0.045, 0.015
receiver: 0.021, -0.042, 0.015
receiver: 0.021, -0.039, 0.015
receiver: 0.021, -0.036, 0.015
receiver: 0.021, -0.033, 0.015
receiver: 0.021, -0.03, 0.015
receiver: 0.021, -0.027, 0.015
receiver: 0.021, -0.024, 0.015
receiver: 0.021, -0.021, 0.015
receiver: 0.021, -0.018, 0.015
receiver: 0.021, -0.015, 0.015
receiver: 0.021, -0.012, 0.015
receiver: 0.021, -0.009, 0.015
receiver: 0.021, -0.006, 0.015
receiver: 0.021, -0.003, 0.015
receiver: 0.021, 0, 0.015
receiver: 0.021, 0.003, 0.015
receiver: 0.021, 0.006, 0.015
receiver: 0.021, 0.009, 0.015
receiver: 0.021, 0.012, 0.015
receiver: 0.021, 0.015, 0.015
receiver: 0.021, 0.018, 0.015
receiver: 0.021, 0.021, 0.015
receiver: 0.021, 0.024, 0.015
receiver: 0.021, 0.027, 0.015
receiver: 0.021, 0.03, 0.015
receiver: 0.021, 0.033, 0.015
receiver: 0.021, 0.036, 0.015
receiver: 0.021, 0.039, 0.015
receiver: 0.021, 0.042, 0.015
receiver: 0.021, 0.045, 0.015
receiver: 0.021, 0.048, 0.015
receiver: 0.021, 0.051, 0.015
receiver: 0.021, 0.054, 0.015
receiver: 0.021, 0.057, 0.015
receiver: 0.021, 0.06, 0.015
receiver: 0.021, 0.063, 0.015
receiver: 0.021, 0.066, 0.015
receiver: 0.021, 0.069, 0.015
receiver: 0.021, 0.072, 0.015
receiver: 0.021, 0.075, 0.015
receiver: 0.024, -0.075, 0.015
receiver: 0.024, -0.072, 0.015
receiver: 0.024, -0.069, 0.015
receiver: 0.024, -0.066, 0.015
receiver: 0.024, -0.063, 0.015
receiver: 0.024, -0.06, 0.015
receiver: 0.024, -0.057, 0.015
receiver: 0.024, -0.054, 0.015
receiver: 0.024, -0.051, 0.015
receiver: 0.024, -0.048, 0.015
receiver: 0.024, -0.045, 0.015
receiver: 0.024, -0.042, 0.015
receiver: 0.024, -0.039, 0.015
receiver: 0.024, -0.036, 0.015
receiver: 0.024, -0.033, 0.015
receiver: 0.024, -0.03, 0.015
receiver: 0.024, -0.027, 0.015
receiver: 0.024, -0.024, 0.015
receiver: 0.024, -0.021, 0.015
receiver: 0.024, -0.018, 0.015
receiver: 0.024, -0.015, 0.015
receiver: 0.024, -0.012, 0.015
receiver: 0.024, -0.009, 0.015
receiver: 0.024, -0.006, 0.015
receiver: 0.024, -0.003, 0.015
receiver: 0.024, 0, 0.015
receiver: 0.024, 0.003, 0.015
receiver: 0.024, 0.006, 0.015
receiver: 0.024, 0.009, 0.015
receiver: 0.024, 0.012, 0.015
receiver: 0.024, 0.015, 0.015
receiver: 0.024, 0.018, 0.015
receiver: 0.024, 0.021, 0.015
receiver: 0.024, 0.024, 0.015
receiver: 0.024, 0.027, 0.015
receiver: 0.024, 0.03, 0.015
receiver: 0.024, 0.033, 0.015
receiver: 0.024, 0.036, 0.015
receiver: 0.024, 0.039, 0.015
receiver: 0.024, 0.042, 0.015
receiver: 0.024, 0.045, 0.015
receiver: 0.024, 0.048, 0.015
receiver: 0.024, 0.051, 0.015
receiver: 0.024, 0.054, 0.015
receiver: 0.024, 0.057, 0.015
receiver: 0.024, 0.06, 0.015
receiver: 0.024, 0.063, 0.015
receiver: 0.024, 0.066, 0.015
receiver: 0.024, 0.069, 0.015
receiver: 0.024, 0.072, 0.015
receiver: 0.024, 0.075, 0.015
receiver: 0.027, -0.075, 0.015
receiver: 0.027, -0.072, 0.015
receiver: 0.027, -0.069, 0.015
receiver: 0.027, -0.066, 0.015
receiver: 0.027, -0.063, 0.015
receiver: 0.027, -0.06, 0.015
receiver: 0.027, -0.057, 0.015
receiver: 0.027, -0.054, 0.015
receiver: 0.027, -0.051, 0.015
receiver: 0.027, -0.048, 0.015
receiver: 0.027, -0.045, 0.015
receiver: 0.027, -0.042, 0.015
receiver: 0.027, -0.039, 0.015
receiver: 0.027, -0.036, 0.015
receiver: 0.027, -0.033, 0.015
receiver: 0.027, -0.03, 0.015
receiver: 0.027, -0.027, 0.015
receiver: 0.027, -0.024, 0.015
receiver: 0.027, -0.021, 0.015
receiver: 0.027, -0.018, 0.015
receiver: 0.027, -0.015, 0.015
receiver: 0.027, -0.012, 0.015
receiver: 0.027, -0.009, 0.015
receiver: 0.027, -0.006, 0.015
receiver: 0.027, -0.003, 0.015
receiver: 0.027, 0, 0.015
receiver: 0.027, 0.003, 0.015
receiver: 0.027, 0.006, 0.015
receiver: 0.027, 0.009, 0.015
receiver: 0.027, 0.012, 0.015
receiver: 0.027, 0.015, 0.015
receiver: 0.027, 0.018, 0.015
receiver: 0.027, 0.021, 0.015
receiver: 0.027, 0.024, 0.015
receiver: 0.027, 0.027, 0.015
receiver: 0.027, 0.03, 0.015
receiver: 0.027, 0.033, 0.015
receiver: 0.027, 0.036, 0.015
receiver: 0.027, 0.039, 0.015
receiver: 0.027, 0.042, 0.015
receiver: 0.027, 0.045, 0.015
receiver: 0.027, 0.048, 0.015
receiver: 0.027, 0.051, 0.015
receiver: 0.027, 0.054, 0.015
receiver: 0.027, 0.057, 0.015
receiver: 0.027, 0.06, 0.015
receiver: 0.027, 0.063, 0.015
receiver: 0.027, 0.066, 0.015
receiver: 0.027, 0.069, 0.015
receiver: 0.027, 0.072, 0.015
receiver: 0.027, 0.075, 0.015
receiver: 0.03, -0.075, 0.015
receiver: 0.03, -0.072, 0.015
receiver: 0.03, -0.069, 0.015
receiver: 0.03, -0.066, 0.015
receiver: 0.03, -0.063, 0.015
receiver: 0.03, -0.06, 0.015
receiver: 0.03, -0.057, 0.015
receiver: 0.03, -0.054, 0.015
receiver: 0.03, -0.051, 0.015
receiver: 0.03, -0.048, 0.015
receiver: 0.03, -0.045, 0.015
receiver: 0.03, -0.042, 0.015
receiver: 0.03, -0.039, 0.015
receiver: 0.03, -0.036, 0.015
receiver: 0.03, -0.033, 0.015
receiver: 0.03, -0.03, 0.015
receiver: 0.03, -0.027, 0.015
receiver: 0.03, -0.024, 0.015
receiver: 0.03, -0.021, 0.015
receiver: 0.03, -0.018, 0.015
receiver: 0.03, -0.015, 0.015
receiver: 0.03, -0.012, 0.015
receiver: 0.03, -0.009, 0.015
receiver: 0.03, -0.006, 0.015
receiver: 0.03, -0.003, 0.015
receiver: 0.03, 0, 0.015
receiver: 0.03, 0.003, 0.015
receiver: 0.03, 0.006, 0.015
receiver: 0.03, 0.009, 0.015
receiver: 0.03, 0.012, 0.015
receiver: 0.03, 0.015, 0.015
receiver: 0.03, 0.018, 0.015
receiver: 0.03, 0.021, 0.015
receiver: 0.03, 0.024, 0.015
receiver: 0.03, 0.027, 0.015
receiver: 0.03, 0.03, 0.015
receiver: 0.03, 0.033, 0.015
receiver: 0.03, 0.036, 0.015
receiver: 0.03, 0.039, 0.015
receiver: 0.03, 0.042, 0.015
receiver: 0.03, 0.045, 0.015
receiver: 0.03, 0.048, 0.015
receiver: 0.03, 0.051, 0.015
receiver: 0.03, 0.054, 0.015
receiver: 0.03, 0.057, 0.015
receiver: 0.03, 0.06, 0.015
receiver: 0.03, 0.063, 0.015
receiver: 0.03, 0.066, 0.015
receiver: 0.03, 0.069, 0.015
receiver: 0.03, 0.072, 0.015
receiver: 0.03, 0.075, 0.015
receiver: 0.033, -0.075, 0.015
receiver: 0.033, -0.072, 0.015
receiver: 0.033, -0.069, 0.015
receiver: 0.033, -0.066, 0.015
receiver: 0.033, -0.063, 0.015
receiver: 0.033, -0.06, 0.015
receiver: 0.033, -0.057, 0.015
receiver: 0.033, -0.054, 0.015
receiver: 0.033, -0.051, 0.015
receiver: 0.033, -0.048, 0.015
receiver: 0.033, -0.045, 0.015
receiver: 0.033, -0.042, 0.015
receiver: 0.033, -0.039, 0.015
receiver: 0.033, -0.036, 0.015
receiver: 0.033, -0.033, 0.015
receiver: 0.033, -0.03, 0.015
receiver: 0.033, -0.027, 0.015
receiver: 0.033, -0.024, 0.015
receiver: 0.033, -0.021, 0.015
receiver: 0.033, -0.018, 0.015
receiver: 0.033, -0.015, 0.015
receiver: 0.033, -0.012, 0.015
receiver: 0.033, -0.009, 0.015
receiver: 0.033, -0.006, 0.015
receiver: 0.033, -0.003, 0.015
receiver: 0.033, 0, 0.015
receiver: 0.033, 0.003, 0.015
receiver: 0.033, 0.006, 0.015
receiver: 0.033, 0.009, 0.015
receiver: 0.033, 0.012, 0.015
receiver: 0.033, 0.015, 0.015
receiver: 0.033, 0.018, 0.015
receiver: 0.033, 0.021, 0.015
receiver: 0.033, 0.024, 0.015
receiver: 0.033, 0.027, 0.015
receiver: 0.033, 0.03, 0.015
receiver: 0.033, 0.033, 0.015
receiver: 0.033, 0.036, 0.015
receiver: 0.033, 0.039, 0.015
receiver: 0.033, 0.042, 0.015
receiver: 0.033, 0.045, 0.015
receiver: 0.033, 0.048, 0.015
receiver: 0.033, 0.051, 0.015
receiver: 0.033, 0.054, 0.015
receiver: 0.033, 0.057, 0.015
receiver: 0.033, 0.06, 0.015
receiver: 0.033, 0.063, 0.015
receiver: 0.033, 0.066, 0.015
receiver: 0.033, 0.069, 0.015
receiver: 0.033, 0.072, 0.015
receiver: 0.033, 0.075, 0.015
receiver: 0.036, -0.075, 0.015
receiver: 0.036, -0.072, 0.015
receiver: 0.036, -0.069, 0.015
receiver: 0.036, -0.066, 0.015
receiver: 0.036, -0.063, 0.015
receiver: 0.036, -0.06, 0.015
receiver: 0.036, -0.057, 0.015
receiver: 0.036, -0.054, 0.015
receiver: 0.036, -0.051, 0.015
receiver: 0.036, -0.048, 0.015
receiver: 0.036, -0.045, 0.015
receiver: 0.036, -0.042, 0.015
receiver: 0.036, -0.039, 0.015
receiver: 0.036, -0.036, 0.015
receiver: 0.036, -0.033, 0.015
receiver: 0.036, -0.03, 0.015
receiver: 0.036, -0.027, 0.015
receiver: 0.036, -0.024, 0.015
receiver: 0.036, -0.021, 0.015
receiver: 0.036, -0.018, 0.015
receiver: 0.036, -0.015, 0.015
receiver: 0.036, -0.012, 0.015
receiver: 0.036, -0.009, 0.015
receiver: 0.036, -0.006, 0.015
receiver: 0.036, -0.003, 0.015
receiver: 0.036, 0, 0.015
receiver: 0.036, 0.003, 0.015
receiver: 0.036, 0.006, 0.015
receiver: 0.036, 0.009, 0.015
receiver: 0.036, 0.012, 0.015
receiver: 0.036, 0.015, 0.015
receiver: 0.036, 0.018, 0.015
receiver: 0.036, 0.021, 0.015
receiver: 0.036, 0.024, 0.015
receiver: 0.036, 0.027, 0.015
receiver: 0.036, 0.03, 0.015
receiver: 0.036, 0.033, 0.015
receiver: 0.036, 0.036, 0.015
receiver: 0.036, 0.039, 0.015
receiver: 0.036, 0.042, 0.015
receiver: 0.036, 0.045, 0.015
receiver: 0.036, 0.048, 0.015
receiver: 0.036, 0.051, 0.015
receiver: 0.036, 0.054, 0.015
receiver: 0.036, 0.057, 0.015
receiver: 0.036, 0.06, 0.015
receiver: 0.036, 0.063, 0.015
receiver: 0.036, 0.066, 0.015
receiver: 0.036, 0.069, 0.015
receiver: 0.036, 0.072, 0.015
receiver: 0.036, 0.075, 0.015
receiver: 0.039, -0.075, 0.015
receiver: 0.039, -0.072, 0.015
receiver: 0.039, -0.069, 0.015
receiver: 0.039, -0.066, 0.015
receiver: 0.039, -0.063, 0.015
receiver: 0.039, -0.06, 0.015
receiver: 0.039, -0.057, 0.015
receiver: 0.039, -0.054, 0.015
receiver: 0.039, -0.051, 0.015
receiver: 0.039, -0.048, 0.015
receiver: 0.039, -0.045, 0.015
receiver: 0.039, -0.042, 0.015
receiver: 0.039, -0.039, 0.015
receiver: 0.039, -0.036, 0.015
receiver: 0.039, -0.033, 0.015
receiver: 0.039, -0.03, 0.015
receiver: 0.039, -0.027, 0.015
receiver: 0.039, -0.024, 0.015
receiver: 0.039, -0.021, 0.015
receiver: 0.039, -0.018, 0.015
receiver: 0.039, -0.015, 0.015
receiver: 0.039, -0.012, 0.015
receiver: 0.039, -0.009, 0.015
receiver: 0.039, -0.006, 0.015
receiver: 0.039, -0.003, 0.015
receiver: 0.039, 0, 0.015
receiver: 0.039, 0.003, 0.015
receiver: 0.039, 0.006, 0.015
receiver: 0.039, 0.009, 0.015
receiver: 0.039, 0.012, 0.015
receiver: 0.039, 0.015, 0.015
receiver: 0.039, 0.018, 0.015
receiver: 0.039, 0.021, 0.015
receiver: 0.039, 0.024, 0.015
receiver: 0.039, 0.027, 0.015
receiver: 0.039, 0.03, 0.015
receiver: 0.039, 0.033, 0.015
receiver: 0.039, 0.036, 0.015
receiver: 0.039, 0.039, 0.015
receiver: 0.039, 0.042, 0.015
receiver: 0.039, 0.045, 0.015
receiver: 0.039, 0.048, 0.015
receiver: 0.039, 0.051, 0.015
receiver: 0.039, 0.054, 0.015
receiver: 0.039, 0.057, 0.015
receiver: 0.039, 0.06, 0.015
receiver: 0.039, 0.063, 0.015
receiver: 0.039, 0.066, 0.015
receiver: 0.039, 0.069, 0.015
receiver: 0.039, 0.072, 0.015
receiver: 0.039, 0.075, 0.015
receiver: 0.042, -0.075, 0.015
receiver: 0.042, -0.072, 0.015
receiver: 0.042, -0.069, 0.015
receiver: 0.042, -0.066, 0.015
receiver: 0.042, -0.063, 0.015
receiver: 0.042, -0.06, 0.015
receiver: 0.042, -0.057, 0.015
receiver: 0.042, -0.054, 0.015
receiver: 0.042, -0.051, 0.015
receiver: 0.042, -0.048, 0.015
receiver: 0.042, -0.045, 0.015
receiver: 0.042, -0.042, 0.015
receiver: 0.042, -0.039, 0.015
receiver: 0.042, -0.036, 0.015
receiver: 0.042, -0.033, 0.015
receiver: 0.042, -0.03, 0.015
receiver: 0.042, -0.027, 0.015
receiver: 0.042, -0.024, 0.015
receiver: 0.042, -0.021, 0.015
receiver: 0.042, -0.018, 0.015
receiver: 0.042, -0.015, 0.015
receiver: 0.042, -0.012, 0.015
receiver: 0.042, -0.009, 0.015
receiver: 0.042, -0.006, 0.015
receiver: 0.042, -0.003, 0.015
receiver: 0.042, 0, 0.015
receiver: 0.042, 0.003, 0.015
receiver: 0.042, 0.006, 0.015
receiver: 0.042, 0.009, 0.015
receiver: 0.042, 0.012, 0.015
receiver: 0.042, 0.015, 0.015
receiver: 0.042, 0.018, 0.015
receiver: 0.042, 0.021, 0.015
receiver: 0.042, 0.024, 0.015
receiver: 0.042, 0.027, 0.015
receiver: 0.042, 0.03, 0.015
receiver: 0.042, 0.033, 0.015
receiver: 0.042, 0.036, 0.015
receiver: 0.042, 0.039, 0.015
receiver: 0.042, 0.042, 0.015
receiver: 0.042, 0.045, 0.015
receiver: 0.042, 0.048, 0.015
receiver: 0.042, 0.051, 0.015
receiver: 0.042, 0.054, 0.015
receiver: 0.042, 0.057, 0.015
receiver: 0.042, 0.06, 0.015
receiver: 0.042, 0.063, 0.015
receiver: 0.042, 0.066, 0.015
receiver: 0.042, 0.069, 0.015
receiver: 0.042, 0.072, 0.015
receiver: 0.042, 0.075, 0.015
receiver: 0.045, -0.075, 0.015
receiver: 0.045, -0.072, 0.015
receiver: 0.045, -0.069, 0.015
receiver: 0.045, -0.066, 0.015
receiver: 0.045, -0.063, 0.015
receiver: 0.045, -0.06, 0.015
receiver: 0.045, -0.057, 0.015
receiver: 0.045, -0.054, 0.015
receiver: 0.045, -0.051, 0.015
receiver: 0.045, -0.048, 0.015
receiver: 0.045, -0.045, 0.015
receiver: 0.045, -0.042, 0.015
receiver: 0.045, -0.039, 0.015
receiver: 0.045, -0.036, 0.015
receiver: 0.045, -0.033, 0.015
receiver: 0.045, -0.03, 0.015
receiver: 0.045, -0.027, 0.015
receiver: 0.045, -0.024, 0.015
receiver: 0.045, -0.021, 0.015
receiver: 0.045, -0.018, 0.015
receiver: 0.045, -0.015, 0.015
receiver: 0.045, -0.012, 0.015
receiver: 0.045, -0.009, 0.015
receiver: 0.045, -0.006, 0.015
receiver: 0.045, -0.003, 0.015
receiver: 0.045, 0, 0.015
receiver: 0.045, 0.003, 0.015
receiver: 0.045, 0.006, 0.015
receiver: 0.045, 0.009, 0.015
receiver: 0.045, 0.012, 0.015
receiver: 0.045, 0.015, 0.015
receiver: 0.045, 0.018, 0.015
receiver: 0.045, 0.021, 0.015
receiver: 0.045, 0.024, 0.015
receiver: 0.045, 0.027, 0.015
receiver: 0.045, 0.03, 0.015
receiver: 0.045, 0.033, 0.015
receiver: 0.045, 0.036, 0.015
receiver: 0.045, 0.039, 0.015
receiver: 0.045, 0.042, 0.015
receiver: 0.045, 0.045, 0.015
receiver: 0.045, 0.048, 0.015
receiver: 0.045, 0.051, 0.015
receiver: 0.045, 0.054, 0.015
receiver: 0.045, 0.057, 0.015
receiver: 0.045, 0.06, 0.015
receiver: 0.045, 0.063, 0.015
receiver: 0.045, 0.066, 0.015
receiver: 0.045, 0.069, 0.015
receiver: 0.045, 0.072, 0.015
receiver: 0.045, 0.075, 0.015
receiver: 0.048, -0.075, 0.015
receiver: 0.048, -0.072, 0.015
receiver: 0.048, -0.069, 0.015
receiver: 0.048, -0.066, 0.015
receiver: 0.048, -0.063, 0.015
receiver: 0.048, -0.06, 0.015
receiver: 0.048, -0.057, 0.015
receiver: 0.048, -0.054, 0.015
receiver: 0.048, -0.051, 0.015
receiver: 0.048, -0.048, 0.015
receiver: 0.048, -0.045, 0.015
receiver: 0.048, -0.042, 0.015
receiver: 0.048, -0.039, 0.015
receiver: 0.048, -0.036, 0.015
receiver: 0.048, -0.033, 0.015
receiver: 0.048, -0.03, 0.015
receiver: 0.048, -0.027, 0.015
receiver: 0.048, -0.024, 0.015
receiver: 0.048, -0.021, 0.015
receiver: 0.048, -0.018, 0.015
receiver: 0.048, -0.015, 0.015
receiver: 0.048, -0.012, 0.015
receiver: 0.048, -0.009, 0.015
receiver: 0.048, -0.006, 0.015
receiver: 0.048, -0.003, 0.015
receiver: 0.048, 0, 0.015
receiver: 0.048, 0.003, 0.015
receiver: 0.048, 0.006, 0.015
receiver: 0.048, 0.009, 0.015
receiver: 0.048, 0.012, 0.015
receiver: 0.048, 0.015, 0.015
receiver: 0.048, 0.018, 0.015
receiver: 0.048, 0.021, 0.015
receiver: 0.048, 0.024, 0.015
receiver: 0.048, 0.027, 0.015
receiver: 0.048, 0.03, 0.015
receiver: 0.048, 0.033, 0.015
receiver: 0.048, 0.036, 0.015
receiver: 0.048, 0.039, 0.015
receiver: 0.048, 0.042, 0.015
receiver: 0.048, 0.045, 0.015
receiver: 0.048, 0.048, 0.015
receiver: 0.048, 0.051, 0.015
receiver: 0.048, 0.054, 0.015
receiver: 0.048, 0.057, 0.015
receiver: 0.048, 0.06, 0.015
receiver: 0.048, 0.063, 0.015
receiver: 0.048, 0.066, 0.015
receiver: 0.048, 0.069, 0.015
receiver: 0.048, 0.072, 0.015
receiver: 0.048, 0.075, 0.015
receiver: 0.051, -0.075, 0.015
receiver: 0.051, -0.072, 0.015
receiver: 0.051, -0.069, 0.015
receiver: 0.051, -0.066, 0.015
receiver: 0.051, -0.063, 0.015
receiver: 0.051, -0.06, 0.015
receiver: 0.051, -0.057, 0.015
receiver: 0.051, -0.054, 0.015
receiver: 0.051, -0.051, 0.015
receiver: 0.051, -0.048, 0.015
receiver: 0.051, -0.045, 0.015
receiver: 0.051, -0.042, 0.015
receiver: 0.051, -0.039, 0.015
receiver: 0.051, -0.036, 0.015
receiver: 0.051, -0.033, 0.015
receiver: 0.051, -0.03, 0.015
receiver: 0.051, -0.027, 0.015
receiver: 0.051, -0.024, 0.015
receiver: 0.051, -0.021, 0.015
receiver: 0.051, -0.018, 0.015
receiver: 0.051, -0.015, 0.015
receiver: 0.051, -0.012, 0.015
receiver: 0.051, -0.009, 0.015
receiver: 0.051, -0.006, 0.015
receiver: 0.051, -0.003, 0.015
receiver: 0.051, 0, 0.015
receiver: 0.051, 0.003, 0.015
receiver: 0.051, 0.006, 0.015
receiver: 0.051, 0.009, 0.015
receiver: 0.051, 0.012, 0.015
receiver: 0.051, 0.015, 0.015
receiver: 0.051, 0.018, 0.015
receiver: 0.051, 0.021, 0.015
receiver: 0.051, 0.024, 0.015
receiver: 0.051, 0.027, 0.015
receiver: 0.051, 0.03, 0.015
receiver: 0.051, 0.033, 0.015
receiver: 0.051, 0.036, 0.015
receiver: 0.051, 0.039, 0.015
receiver: 0.051, 0.042, 0.015
receiver: 0.051, 0.045, 0.015
receiver: 0.051, 0.048, 0.015
receiver: 0.051, 0.051, 0.015
receiver: 0.051, 0.054, 0.015
receiver: 0.051, 0.057, 0.015
receiver: 0.051, 0.06, 0.015
receiver: 0.051, 0.063, 0.015
receiver: 0.051, 0.066, 0.015
receiver: 0.051, 0.069, 0.015
receiver: 0.051, 0.072, 0.015
receiver: 0.051, 0.075, 0.015
receiver: 0.054, -0.075, 0.015
receiver: 0.054, -0.072, 0.015
receiver: 0.054, -0.069, 0.015
receiver: 0.054, -0.066, 0.015
receiver: 0.054, -0.063, 0.015
receiver: 0.054, -0.06, 0.015
receiver: 0.054, -0.057, 0.015
receiver: 0.054, -0.054, 0.015
receiver: 0.054, -0.051, 0.015
receiver: 0.054, -0.048, 0.015
receiver: 0.054, -0.045, 0.015
receiver: 0.054, -0.042, 0.015
receiver: 0.054, -0.039, 0.015
receiver: 0.054, -0.036, 0.015
receiver: 0.054, -0.033, 0.015
receiver: 0.054, -0.03, 0.015
receiver: 0.054, -0.027, 0.015
receiver: 0.054, -0.024, 0.015
receiver: 0.054, -0.021, 0.015
receiver: 0.054, -0.018, 0.015
receiver: 0.054, -0.015, 0.015
receiver: 0.054, -0.012, 0.015
receiver: 0.054, -0.009, 0.015
receiver: 0.054, -0.006, 0.015
receiver: 0.054, -0.003, 0.015
receiver: 0.054, 0, 0.015
receiver: 0.054, 0.003, 0.015
receiver: 0.054, 0.006, 0.015
receiver: 0.054, 0.009, 0.015
receiver: 0.054, 0.012, 0.015
receiver: 0.054, 0.015, 0.015
receiver: 0.054, 0.018, 0.015
receiver: 0.054, 0.021, 0.015
receiver: 0.054, 0.024, 0.015
receiver: 0.054, 0.027, 0.015
receiver: 0.054, 0.03, 0.015
receiver: 0.054, 0.033, 0.015
receiver: 0.054, 0.036, 0.015
receiver: 0.054, 0.039, 0.015
receiver: 0.054, 0.042, 0.015
receiver: 0.054, 0.045, 0.015
receiver: 0.054, 0.048, 0.015
receiver: 0.054, 0.051, 0.015
receiver: 0.054, 0.054, 0.015
receiver: 0.054, 0.057, 0.015
receiver: 0.054, 0.06, 0.015
receiver: 0.054, 0.063, 0.015
receiver: 0.054, 0.066, 0.015
receiver: 0.054, 0.069, 0.015
receiver: 0.054, 0.072, 0.015
receiver: 0.054, 0.075, 0.015
receiver: 0.057, -0.075, 0.015
receiver: 0.057, -0.072, 0.015
receiver: 0.057, -0.069, 0.015
receiver: 0.057, -0.066, 0.015
receiver: 0.057, -0.063, 0.015
receiver: 0.057, -0.06, 0.015
receiver: 0.057, -0.057, 0.015
receiver: 0.057, -0.054, 0.015
receiver: 0.057, -0.051, 0.015
receiver: 0.057, -0.048, 0.015
receiver: 0.057, -0.045, 0.015
receiver: 0.057, -0.042, 0.015
receiver: 0.057, -0.039, 0.015
receiver: 0.057, -0.036, 0.015
receiver: 0.057, -0.033, 0.015
receiver: 0.057, -0.03, 0.015
receiver: 0.057, -0.027, 0.015
receiver: 0.057, -0.024, 0.015
receiver: 0.057, -0.021, 0.015
receiver: 0.057, -0.018, 0.015
receiver: 0.057, -0.015, 0.015
receiver: 0.057, -0.012, 0.015
receiver: 0.057, -0.009, 0.015
receiver: 0.057, -0.006, 0.015
receiver: 0.057, -0.003, 0.015
receiver: 0.057, 0, 0.015
receiver: 0.057, 0.003, 0.015
receiver: 0.057, 0.006, 0.015
receiver: 0.057, 0.009, 0.015
receiver: 0.057, 0.012, 0.015
receiver: 0.057, 0.015, 0.015
receiver: 0.057, 0.018, 0.015
receiver: 0.057, 0.021, 0.015
receiver: 0.057, 0.024, 0.015
receiver: 0.057, 0.027, 0.015
receiver: 0.057, 0.03, 0.015
receiver: 0.057, 0.033, 0.015
receiver: 0.057, 0.036, 0.015
receiver: 0.057, 0.039, 0.015
receiver: 0.057, 0.042, 0.015
receiver: 0.057, 0.045, 0.015
receiver: 0.057, 0.048, 0.015
receiver: 0.057, 0.051, 0.015
receiver: 0.057, 0.054, 0.015
receiver: 0.057, 0.057, 0.015
receiver: 0.057, 0.06, 0.015
receiver: 0.057, 0.063, 0.015
receiver: 0.057, 0.066, 0.015
receiver: 0.057, 0.069, 0.015
receiver: 0.057, 0.072, 0.015
receiver: 0.057, 0.075, 0.015
receiver: 0.06, -0.075, 0.015
receiver: 0.06, -0.072, 0.015
receiver: 0.06, -0.069, 0.015
receiver: 0.06, -0.066, 0.015
receiver: 0.06, -0.063, 0.015
receiver: 0.06, -0.06, 0.015
receiver: 0.06, -0.057, 0.015
receiver: 0.06, -0.054, 0.015
receiver: 0.06, -0.051, 0.015
receiver: 0.06, -0.048, 0.015
receiver: 0.06, -0.045, 0.015
receiver: 0.06, -0.042, 0.015
receiver: 0.06, -0.039, 0.015
receiver: 0.06, -0.036, 0.015
receiver: 0.06, -0.033, 0.015
receiver: 0.06, -0.03, 0.015
receiver: 0.06, -0.027, 0.015
receiver: 0.06, -0.024, 0.015
receiver: 0.06, -0.021, 0.015
receiver: 0.06, -0.018, 0.015
receiver: 0.06, -0.015, 0.015
receiver: 0.06, -0.012, 0.015
receiver: 0.06, -0.009, 0.015
receiver: 0.06, -0.006, 0.015
receiver: 0.06, -0.003, 0.015
receiver: 0.06, 0, 0.015
receiver: 0.06, 0.003, 0.015
receiver: 0.06, 0.006, 0.015
receiver: 0.06, 0.009, 0.015
receiver: 0.06, 0.012, 0.015
receiver: 0.06, 0.015, 0.015
receiver: 0.06, 0.018, 0.015
receiver: 0.06, 0.021, 0.015
receiver: 0.06, 0.024, 0.015
receiver: 0.06, 0.027, 0.015
receiver: 0.06, 0.03, 0.015
receiver: 0.06, 0.033, 0.015
receiver: 0.06, 0.036, 0.015
receiver: 0.06, 0.039, 0.015
receiver: 0.06, 0.042, 0.015
receiver: 0.06, 0.045, 0.015
receiver: 0.06, 0.048, 0.015
receiver: 0.06, 0.051, 0.015
receiver: 0.06, 0.054, 0.015
receiver: 0.06, 0.057, 0.015
receiver: 0.06, 0.06, 0.015
receiver: 0.06, 0.063, 0.015
receiver: 0.06, 0.066, 0.015
receiver: 0.06, 0.069, 0.015
receiver: 0.06, 0.072, 0.015
receiver: 0.06, 0.075, 0.015
receiver: 0.063, -0.075, 0.015
receiver: 0.063, -0.072, 0.015
receiver: 0.063, -0.069, 0.015
receiver: 0.063, -0.066, 0.015
receiver: 0.063, -0.063, 0.015
receiver: 0.063, -0.06, 0.015
receiver: 0.063, -0.057, 0.015
receiver: 0.063, -0.054, 0.015
receiver: 0.063, -0.051, 0.015
receiver: 0.063, -0.048, 0.015
receiver: 0.063, -0.045, 0.015
receiver: 0.063, -0.042, 0.015
receiver: 0.063, -0.039, 0.015
receiver: 0.063, -0.036, 0.015
receiver: 0.063, -0.033, 0.015
receiver: 0.063, -0.03, 0.015
receiver: 0.063, -0.027, 0.015
receiver: 0.063, -0.024, 0.015
receiver: 0.063, -0.021, 0.015
receiver: 0.063, -0.018, 0.015
receiver: 0.063, -0.015, 0.015
receiver: 0.063, -0.012, 0.015
receiver: 0.063, -0.009, 0.015
receiver: 0.063, -0.006, 0.015
receiver: 0.063, -0.003, 0.015
receiver: 0.063, 0, 0.015
receiver: 0.063, 0.003, 0.015
receiver: 0.063, 0.006, 0.015
receiver: 0.063, 0.009, 0.015
receiver: 0.063, 0.012, 0.015
receiver: 0.063, 0.015, 0.015
receiver: 0.063, 0.018, 0.015
receiver: 0.063, 0.021, 0.015
receiver: 0.063, 0.024, 0.015
receiver: 0.063, 0.027, 0.015
receiver: 0.063, 0.03, 0.015
receiver: 0.063, 0.033, 0.015
receiver: 0.063, 0.036, 0.015
receiver: 0.063, 0.039, 0.015
receiver: 0.063, 0.042, 0.015
receiver: 0.063, 0.045, 0.015
receiver: 0.063, 0.048, 0.015
receiver: 0.063, 0.051, 0.015
receiver: 0.063, 0.054, 0.015
receiver: 0.063, 0.057, 0.015
receiver: 0.063, 0.06, 0.015
receiver: 0.063, 0.063, 0.015
receiver: 0.063, 0.066, 0.015
receiver: 0.063, 0.069, 0.015
receiver: 0.063, 0.072, 0.015
receiver: 0.063, 0.075, 0.015
receiver: 0.066, -0.075, 0.015
receiver: 0.066, -0.072, 0.015
receiver: 0.066, -0.069, 0.015
receiver: 0.066, -0.066, 0.015
receiver: 0.066, -0.063, 0.015
receiver: 0.066, -0.06, 0.015
receiver: 0.066, -0.057, 0.015
receiver: 0.066, -0.054, 0.015
receiver: 0.066, -0.051, 0.015
receiver: 0.066, -0.048, 0.015
receiver: 0.066, -0.045, 0.015
receiver: 0.066, -0.042, 0.015
receiver: 0.066, -0.039, 0.015
receiver: 0.066, -0.036, 0.015
receiver: 0.066, -0.033, 0.015
receiver: 0.066, -0.03, 0.015
receiver: 0.066, -0.027, 0.015
receiver: 0.066, -0.024, 0.015
receiver: 0.066, -0.021, 0.015
receiver: 0.066, -0.018, 0.015
receiver: 0.066, -0.015, 0.015
receiver: 0.066, -0.012, 0.015
receiver: 0.066, -0.009, 0.015
receiver: 0.066, -0.006, 0.015
receiver: 0.066, -0.003, 0.015
receiver: 0.066, 0, 0.015
receiver: 0.066, 0.003, 0.015
receiver: 0.066, 0.006, 0.015
receiver: 0.066, 0.009, 0.015
receiver: 0.066, 0.012, 0.015
receiver: 0.066, 0.015, 0.015
receiver: 0.066, 0.018, 0.015
receiver: 0.066, 0.021, 0.015
receiver: 0.066, 0.024, 0.015
receiver: 0.066, 0.027, 0.015
receiver: 0.066, 0.03, 0.015
receiver: 0.066, 0.033, 0.015
receiver: 0.066, 0.036, 0.015
receiver: 0.066, 0.039, 0.015
receiver: 0.066, 0.042, 0.015
receiver: 0.066, 0.045, 0.015
receiver: 0.066, 0.048, 0.015
receiver: 0.066, 0.051, 0.015
receiver: 0.066, 0.054, 0.015
receiver: 0.066, 0.057, 0.015
receiver: 0.066, 0.06, 0.015
receiver: 0.066, 0.063, 0.015
receiver: 0.066, 0.066, 0.015
receiver: 0.066, 0.069, 0.015
receiver: 0.066, 0.072, 0.015
receiver: 0.066, 0.075, 0.015
receiver: 0.069, -0.075, 0.015
receiver: 0.069, -0.072, 0.015
receiver: 0.069, -0.069, 0.015
receiver: 0.069, -0.066, 0.015
receiver: 0.069, -0.063, 0.015
receiver: 0.069, -0.06, 0.015
receiver: 0.069, -0.057, 0.015
receiver: 0.069, -0.054, 0.015
receiver: 0.069, -0.051, 0.015
receiver: 0.069, -0.048, 0.015
receiver: 0.069, -0.045, 0.015
receiver: 0.069, -0.042, 0.015
receiver: 0.069, -0.039, 0.015
receiver: 0.069, -0.036, 0.015
receiver: 0.069, -0.033, 0.015
receiver: 0.069, -0.03, 0.015
receiver: 0.069, -0.027, 0.015
receiver: 0.069, -0.024, 0.015
receiver: 0.069, -0.021, 0.015
receiver: 0.069, -0.018, 0.015
receiver: 0.069, -0.015, 0.015
receiver: 0.069, -0.012, 0.015
receiver: 0.069, -0.009, 0.015
receiver: 0.069, -0.006, 0.015
receiver: 0.069, -0.003, 0.015
receiver: 0.069, 0, 0.015
receiver: 0.069, 0.003, 0.015
receiver: 0.069, 0.006, 0.015
receiver: 0.069, 0.009, 0.015
receiver: 0.069, 0.012, 0.015
receiver: 0.069, 0.015, 0.015
receiver: 0.069, 0.018, 0.015
receiver: 0.069, 0.021, 0.015
receiver: 0.069, 0.024, 0.015
receiver: 0.069, 0.027, 0.015
receiver: 0.069, 0.03, 0.015
receiver: 0.069, 0.033, 0.015
receiver: 0.069, 0.036, 0.015
receiver: 0.069, 0.039, 0.015
receiver: 0.069, 0.042, 0.015
receiver: 0.069, 0.045, 0.015
receiver: 0.069, 0.048, 0.015
receiver: 0.069, 0.051, 0.015
receiver: 0.069, 0.054, 0.015
receiver: 0.069, 0.057, 0.015
receiver: 0.069, 0.06, 0.015
receiver: 0.069, 0.063, 0.015
receiver: 0.069, 0.066, 0.015
receiver: 0.069, 0.069, 0.015
receiver: 0.069, 0.072, 0.015
receiver: 0.069, 0.075, 0.015
receiver: 0.072, -0.075, 0.015
receiver: 0.072, -0.072, 0.015
receiver: 0.072, -0.069, 0.015
receiver: 0.072, -0.066, 0.015
receiver: 0.072, -0.063, 0.015
receiver: 0.072, -0.06, 0.015
receiver: 0.072, -0.057, 0.015
receiver: 0.072, -0.054, 0.015
receiver: 0.072, -0.051, 0.015
receiver: 0.072, -0.048, 0.015
receiver: 0.072, -0.045, 0.015
receiver: 0.072, -0.042, 0.015
receiver: 0.072, -0.039, 0.015
receiver: 0.072, -0.036, 0.015
receiver: 0.072, -0.033, 0.015
receiver: 0.072, -0.03, 0.015
receiver: 0.072, -0.027, 0.015
receiver: 0.072, -0.024, 0.015
receiver: 0.072, -0.021, 0.015
receiver: 0.072, -0.018, 0.015
receiver: 0.072, -0.015, 0.015
receiver: 0.072, -0.012, 0.015
receiver: 0.072, -0.009, 0.015
receiver: 0.072, -0.006, 0.015
receiver: 0.072, -0.003, 0.015
receiver: 0.072, 0, 0.015
receiver: 0.072, 0.003, 0.015
receiver: 0.072, 0.006, 0.015
receiver: 0.072, 0.009, 0.015
receiver: 0.072, 0.012, 0.015
receiver: 0.072, 0.015, 0.015
receiver: 0.072, 0.018, 0.015
receiver: 0.072, 0.021, 0.015
receiver: 0.072, 0.024, 0.015
receiver: 0.072, 0.027, 0.015
receiver: 0.072, 0.03, 0.015
receiver: 0.072, 0.033, 0.015
receiver: 0.072, 0.036, 0.015
receiver: 0.072, 0.039, 0.015
receiver: 0.072, 0.042, 0.015
receiver: 0.072, 0.045, 0.015
receiver: 0.072, 0.048, 0.015
receiver: 0.072, 0.051, 0.015
receiver: 0.072, 0.054, 0.015
receiver: 0.072, 0.057, 0.015
receiver: 0.072, 0.06, 0.015
receiver: 0.072, 0.063, 0.015
receiver: 0.072, 0.066, 0.015
receiver: 0.072, 0.069, 0.015
receiver: 0.072, 0.072, 0.015
receiver: 0.072, 0.075, 0.015
receiver: 0.075, -0.075, 0.015
receiver: 0.075, -0.072, 0.015
receiver: 0.075, -0.069, 0.015
receiver: 0.075, -0.066, 0.015
receiver: 0.075, -0.063, 0.015
receiver: 0.075, -0.06, 0.015
receiver: 0.075, -0.057, 0.015
receiver: 0.075, -0.054, 0.015
receiver: 0.075, -0.051, 0.015
receiver: 0.075, -0.048, 0.015
receiver: 0.075, -0.045, 0.015
receiver: 0.075, -0.042, 0.015
receiver: 0.075, -0.039, 0.015
receiver: 0.075, -0.036, 0.015
receiver: 0.075, -0.033, 0.015
receiver: 0.075, -0.03, 0.015
receiver: 0.075, -0.027, 0.015
receiver: 0.075, -0.024, 0.015
receiver: 0.075, -0.021, 0.015
receiver: 0.075, -0.018, 0.015
receiver: 0.075, -0.015, 0.015
receiver: 0.075, -0.012, 0.015
receiver: 0.075, -0.009, 0.015
receiver: 0.075, -0.006, 0.015
receiver: 0.075, -0.003, 0.015
receiver: 0.075, 0, 0.015
receiver: 0.075, 0.003, 0.015
receiver: 0.075, 0.006, 0.015
receiver: 0.075, 0.009, 0.015
receiver: 0.075, 0.012, 0.015
receiver: 0.075, 0.015, 0.015
receiver: 0.075, 0.018, 0.015
receiver: 0.075, 0.021, 0.015
receiver: 0.075, 0.024, 0.015
receiver: 0.075, 0.027, 0.015
receiver: 0.075, 0.03, 0.015
receiver: 0.075, 0.033, 0.015
receiver: 0.075, 0.036, 0.015
receiver: 0.075, 0.039, 0.015
receiver: 0.075, 0.042, 0.015
receiver: 0.075, 0.045, 0.015
receiver: 0.075, 0.048, 0.015
receiver: 0.075, 0.051, 0.015
receiver: 0.075, 0.054, 0.015
receiver: 0.075, 0.057, 0.015
receiver: 0.075, 0.06, 0.015
receiver: 0.075, 0.063, 0.015
receiver: 0.075, 0.066, 0.015
receiver: 0.075, 0.069, 0.015
receiver: 0.075, 0.072, 0.015
receiver: 0.075, 0.075, 0.015
